0: 1,14,2,3,7
1: 0,1185,1226,1227,14,2
10: 1228,1460,1482,5,8
100: 102,56,63,66,97
1000: 1021,1022,1023,998,999
1001: 1003,1004,1026
1002: 1019,1022,1620,2199,999
1003: 1001,1004,1005,1006,1007,1017,1021,1026
1004: 1001,1003,1005,1007,1026
1005: 1003,1004,1007
1006: 1003,1017,1020,1026,1027
1007: 1003,1004,1005,1021,1026,997,998
1008: 1024,1025,2185,2206,388,415,995,996
1009: 1010,1011,1012,1256,1259,1292,1317
101: 102,17,43,907,98
1010: 1009,1011,1012
1011: 1009,1010,1012,1013,1014,1018,1021,1317,1341,999
1012: 1009,1010,1011,1259,1290,1292
1013: 1011,1021,999
1014: 1011,1015,1016,1018
1015: 1014,1016,1017,1018
1016: 1014,1015,1017
1017: 1003,1006,1015,1016,1018,1021,1025,1027
1018: 1011,1014,1015,1017,1021
1019: 1002,1338,1620,999
102: 100,101,43,63,97,98
1020: 1006,1024,1025,1026,1027
1021: 1000,1003,1007,1011,1013,1017,1018,997,998,999
1022: 1000,1002,1023,2190,2197,2199,2200,999
1023: 1000,1022,2187,2197,2202,995,996,998
1024: 1008,1020,1025,1026,996
1025: 1008,1017,1020,1024,1027,415,515
1026: 1001,1003,1004,1006,1007,1020,1024,996,998
1027: 1006,1017,1020,1025
1028: 1089,1090,1173,1175,1176
1029: 1048,1064,1114,1122,1165,1167
103: 60,904,93,95
1030: 1045,1119,1131,1134,1135,1150,1154,1178
1031: 1038,1040,1054,1118
1032: 1125,1130,1172,1177,169,171,185
1033: 1035,1042,1075,1092,1116,1136,1149
1034: 1067,1096,1131,1150,1158,1171
1035: 1033,1047,1051,1075,1079,1085,1136
1036: 1057,1097,1112,1137,1157,1175,1176
1037: 1049,1050,1121,1140,1156,1161
1038: 1031,1040,1056,1118,1163,1170,1174
1039: 1067,1093,1094,1107,1109,1141
104: 105,106,109,111
1040: 1031,1038,1054,1056,1160,1170
1041: 1066,1124,1132,1140,1156,1161
1042: 1033,1044,1092,1149,1159,1173,173,177
1043: 1046,1062,1063,1120,1138,1147,1168,1993,2054
1044: 1042,1072,1091,1149,1159,1173
1045: 1030,1096,1119,1124,1150,1171,2031,2070,2098
1046: 1043,1048,1063,1098,1100,1138,1153
1047: 1035,1051,1085,1104,1106,1129
1048: 1029,1046,1114,1123,1138,1153,1167
1049: 1037,1050,1054,1118,1133,1140,1174
105: 104,106,111
1050: 1037,1049,1111,1121,1133
1051: 1035,1047,1092,1116,1125,1129,1130,1136,1177
1052: 1058,1080,1105,1111,1121,1134
1053: 1059,1172,1460,147,1470,181,5
1054: 1031,1040,1049,1118,1140,1160
1055: 1064,1148,1157,1165,1166,1167,1777,1795
1056: 1038,1040,1123,1153,1160,1170
1057: 1036,1064,1097,1127,1157
1058: 1052,1121,1124,1134,1135
1059: 1053,1126,1128,1130,1169,1172,1470
106: 104,105,107,109,111,1231
1060: 1061,1145,1158,1171,1465,1472
1061: 1060,1126,1128,1145,1469,1472
1062: 1043,1063,1168
1063: 1043,1046,1062,1100,1155,1164,1168
1064: 1029,1055,1057,1122,1127,1157,1165
1065: 1147,1162,2051,2052,2060
1066: 1041,1102,1124,1132,1155,2070,2093
1067: 1034,1039,1093,1094,1131,1158
1068: 1106,1107,1129,1141,1142,1152
1069: 1082,1083,1086,1088,1139,1170
107: 106,111,1231,1235,1238
1070: 1071,1072,1073,1082,1088,1091
1071: 1070,1073,1077,1078,1079,1080,1082
1072: 1044,1070,1073,1074,1077,1091,1149
1073: 1070,1071,1072,1074,1077
1074: 1072,1073,1075,1076,1077,1149
1075: 1033,1035,1074,1076,1079,1085,1149
1076: 1074,1075,1077,1079
1077: 1071,1072,1073,1074,1076,1079
1078: 1071,1079,1080,1082
1079: 1035,1071,1075,1076,1077,1078,1080,1085
108: 111,214,215
1080: 1052,1071,1078,1079,1081,1082,1084,1085,1105,1111,1133,1134
1081: 1080,1082,1083,1084,1133,1151,1163
1082: 1069,1070,1071,1078,1080,1081,1083,1084,1088
1083: 1069,1081,1082,1084,1163,1170
1084: 1080,1081,1082,1083,1163
1085: 1035,1047,1075,1079,1080,1104,1105
1086: 1069,1087,1088,1099,1139,1170
1087: 1086,1088,1089,1090,1097,1099
1088: 1069,1070,1082,1086,1087,1090,1091
1089: 1028,1087,1090,1097,1112,1176
109: 104,106,110,111,1231,1243,194,198,733
1090: 1028,1087,1088,1089,1091,1173
1091: 1044,1070,1072,1088,1090,1173
1092: 1033,1042,1051,1116,1125,1149,173,177
1093: 1039,1067,1141,1158
1094: 1039,1067,1109,1110,1131,1178
1095: 1103,1148,1162,1805
1096: 1034,1045,1150,1171
1097: 1036,1057,1087,1089,1099,1112,1127
1098: 1046,1100,1153,1160
1099: 1086,1087,1097,1122,1127,1139
11: 124,156,190,4,5,7,8,9
110: 109,111,198,201,214
1100: 1046,1063,1098,1155,1160,1164
1101: 1113,1117,1130,1169
1102: 1066,1155,1164,2093
1103: 1095,1115,1148,1162,1167
1104: 1047,1085,1105,1106,1107
1105: 1052,1080,1085,1104,1107,1108,1109,1134
1106: 1047,1068,1104,1107,1129
1107: 1039,1068,1104,1105,1106,1109,1141,1142
1108: 1105,1109,1110,1134,1178
1109: 1039,1094,1105,1107,1108,1110
111: 104,105,106,107,108,109,110,214
1110: 1094,1108,1109,1178
1111: 1050,1052,1080,1121,1133
1112: 1036,1089,1097,1176
1113: 1101,1117,1129,1130,1142,1152
1114: 1029,1048,1122,1123,1139,1153
1115: 1103,1120,1138,1147,1162,1167
1116: 1033,1051,1092,1136
1117: 1101,1113,1128,1142,1144,1146,1169
1118: 1031,1038,1049,1054,1174
1119: 1030,1045,1124,1134,1135
112: 113,121,141,142,152
1120: 1043,1115,1138,1147
1121: 1037,1050,1052,1058,1111,1124,1161
1122: 1029,1064,1099,1114,1127,1139
1123: 1048,1056,1114,1139,1153,1170
1124: 1041,1045,1058,1066,1119,1121,1135,1161,2070,2093
1125: 1032,1051,1092,1177,171,177
1126: 1059,1061,1128,1169,1469,1470
1127: 1057,1064,1097,1099,1122
1128: 1059,1061,1117,1126,1145,1146,1169
1129: 1047,1051,1068,1106,1113,1130,1152
113: 112,114,121,138,152
1130: 1032,1051,1059,1101,1113,1129,1169,1172,1177
1131: 1030,1034,1067,1094,1150,1154,1178
1132: 1041,1066,1140,1155
1133: 1049,1050,1080,1081,1111,1151,1174
1134: 1030,1052,1058,1080,1105,1108,1119,1135,1154,1178
1135: 1030,1058,1119,1124,1134
1136: 1033,1035,1051,1116
1137: 1036,1157,1175,1777,1821
1138: 1043,1046,1048,1115,1120,1167
1139: 1069,1086,1099,1114,1122,1123,1170
114: 113,115,116,121,122,138
1140: 1037,1041,1049,1054,1132,1155,1156,1160
1141: 1039,1068,1093,1107,1142,1143,1144,1158
1142: 1068,1107,1113,1117,1141,1143,1144,1152
1143: 1141,1142,1144,1145,1146,1158
1144: 1117,1141,1142,1143,1146
1145: 1060,1061,1128,1143,1146,1158,1171
1146: 1117,1128,1143,1144,1145,1169
1147: 1043,1065,1115,1120,1162,2042,2054,2060
1148: 1055,1095,1103,1167,1795,1805
1149: 1033,1042,1044,1072,1074,1075,1092
115: 114,116,117,138,148,152,153
1150: 1030,1034,1045,1096,1131
1151: 1081,1133,1163,1174
1152: 1068,1113,1129,1142
1153: 1046,1048,1056,1098,1114,1123,1160
1154: 1030,1131,1134,1178
1155: 1063,1066,1100,1102,1132,1140,1160,1164
1156: 1037,1041,1140,1161
1157: 1036,1055,1057,1064,1137,1777,1821
1158: 1034,1060,1067,1093,1141,1143,1145,1171
1159: 1042,1044,1173,1175,173,1776,1808
116: 114,115,117,118,122
1160: 1040,1054,1056,1098,1100,1140,1153,1155
1161: 1037,1041,1121,1124,1156
1162: 1065,1095,1103,1115,1147
1163: 1038,1081,1083,1084,1151,1170,1174
1164: 1063,1100,1102,1155,1168,1993,2093,2094
1165: 1029,1055,1064,1166,1167
1166: 1055,1165,1167
1167: 1029,1048,1055,1103,1115,1138,1148,1165,1166
1168: 1043,1062,1063,1164,1993,2094
1169: 1059,1101,1117,1126,1128,1130,1146
117: 115,116,118,119,130,148,153,167
1170: 1038,1040,1056,1069,1083,1086,1123,1139,1163
1171: 1034,1045,1060,1096,1145,1158,1465,2031,2098
1172: 1032,1053,1059,1130,169,181,188
1173: 1028,1042,1044,1090,1091,1159,1175
1174: 1038,1049,1118,1133,1151,1163
1175: 1028,1036,1137,1159,1173,1176,1776,1808,1821
1176: 1028,1036,1089,1112,1175
1177: 1032,1051,1125,1130
1178: 1030,1094,1108,1110,1131,1134,1154
1179: 1187,1188,1189,1194,1213,1217
118: 116,117,119,120,122,178
1180: 1192,1205,1208,1214,1215,1216,1222,1654,1976
1181: 1196,1204,1210,1227,14
1182: 1183,1191,1200,1203,1204,1207,1209,1210
1183: 1182,1187,1193,1200,1207,1209,1218
1184: 1193,1199,1200,1201,1206
1185: 1,1186,1226,1227,1611,2
1186: 1185,1192,1204,1222,1227,1609,1611
1187: 1179,1183,1189,1190,1193,1195,1197,1198,1206,1217,1218,1225
1188: 1179,1189,1202,1213,1220
1189: 1179,1187,1188,1197,1220,1483,1488
119: 117,118,129,130,167,178
1190: 1187,1195,1214,1218
1191: 1182,1196,1200,1201,1210,1224
1192: 1180,1186,1204,1205,1222
1193: 1183,1184,1187,1198,1200,1206
1194: 1179,1199,1213,1217,1219
1195: 1187,1190,1214,1215,1218,1225
1196: 1181,1191,1210,1224,14
1197: 1187,1189,1225,1488
1198: 1187,1193,1206,1217
1199: 1184,1194,1201,1202,1206,1213,1219
12: 13,1615,1619,2,3,6
120: 118,122,149,162,178,184
1200: 1182,1183,1184,1191,1193,1201
1201: 1184,1191,1199,1200,1202,1224
1202: 1188,1199,1201,1213,1220,1223,1224,14,7,9
1203: 1182,1204,1209,1212
1204: 1181,1182,1186,1192,1203,1205,1210,1212,1227
1205: 1180,1192,1204,1209,1212,1214
1206: 1184,1187,1193,1198,1199,1211,1217,1219
1207: 1182,1183,1209
1208: 1180,1215,1225,1466,1488,1654
1209: 1182,1183,1203,1205,1207,1212,1214,1218
121: 112,113,114,122,123,141
1210: 1181,1182,1191,1196,1204
1211: 1206,1217,1219
1212: 1203,1204,1205,1209,1214
1213: 1179,1188,1194,1199,1202
1214: 1180,1190,1195,1205,1209,1212,1215,1218
1215: 1180,1195,1208,1214,1216,1225
1216: 1180,1215
1217: 1179,1187,1194,1198,1206,1211,1219
1218: 1183,1187,1190,1195,1209,1214
1219: 1194,1199,1206,1211,1217
122: 114,116,118,120,121,123,162
1220: 1188,1189,1202,1221,1223,1483
1221: 1220,1223,1228,1482,1483
1222: 1180,1186,1192,1609,1976,1977,897,905
1223: 1202,1220,1221,1228,8,9
1224: 1191,1196,1201,1202,14
1225: 1187,1195,1197,1208,1215,1488
1226: 1,1185,1611,2
1227: 1,1181,1185,1186,1204,14
1228: 10,1221,1223,1482,8
1229: 1231,1235,1238,1240,1241
123: 121,122,135,141,162
1230: 1235,1236,1241,1242,1376
1231: 106,107,109,1229,1232,1238,1239,1240,1243
1232: 1231,1233,1239,1243,1245,733,750
1233: 1232,1234,1242,1245,1376,749,750
1234: 1233,1246,1372,1376,749,750
1235: 107,1229,1230,1236,1237,1238,1241,1244
1236: 1230,1235,1237,1244,1376,1384
1237: 1235,1236,1244,1384
1238: 107,1229,1231,1235
1239: 1231,1232,1240,1245
124: 11,139,154,156,190
1240: 1229,1231,1239,1241,1245
1241: 1229,1230,1235,1240,1242,1245
1242: 1230,1233,1241,1245,1376
1243: 109,1231,1232,194,733
1244: 1235,1236,1237
1245: 1232,1233,1239,1240,1241,1242
1246: 1234,1372,326,327,741,749
1247: 1251,1296,1297,1315,1340,1368
1248: 1251,1271,1279,1314,1368
1249: 1270,1370
125: 126,128,130,132,175,181
1250: 1269,1273,1288,1319
1251: 1247,1248,1314,1319,1339,1340,1368
1252: 1253,1280,1313,1326,1327,1328
1253: 1252,1280,1311,1312,1313
1254: 1263,1300,1306,1338,1363,1620
1255: 1257,1258,1259,1291,1292
1256: 1009,1259,1317
1257: 1255,1259,1291,1293,1318,1351,1359
1258: 1255,1259
1259: 1009,1012,1255,1256,1257,1258,1290,1292,1317,1318
126: 125,139,147,154,175,181
1260: 1261,1281,1282,1283,1347
1261: 1260,1262,1281,1283,1337,1347,1362
1262: 1261,1322,1337,1348,1362,1369
1263: 1254,1273,1297,1306,1620
1264: 1265,1333
1265: 1264,1311,1312,1313,1326,1327,1332,1333
1266: 1299,1322,1345,1346,1369
1267: 1268,1323,1349
1268: 1267,1282,1323,1325,1349,1350,1364
1269: 1250,1273,1297,1319,1340
127: 143,161,163,170,1772,1781,180,1816,1818
1270: 1249,1331,1365,1370
1271: 1248,1279,1321,1352,1361,1368
1272: 1309,1351,1358,1359,1360
1273: 1250,1263,1269,1288,1297,1620,1621
1274: 1310,1344,1352,1362,1365,1371
1275: 1276,1334,1335,1336,1347,1362,1371
1276: 1275,1277,1371
1277: 1276,1370,1371
1278: 1295,1296,1315,1330,1345,1348,1366,1369
1279: 1248,1271,1301,1314,1361,1367
128: 125,130,132,153,187,189
1280: 1252,1253,1310,1321,1328,1361
1281: 1260,1261,1282,1286,1337
1282: 1260,1268,1281,1283,1286,1325,1337,1347,1350,1364
1283: 1260,1261,1282,1347,1362
1284: 1285,1307,1351,1353,1354,1355
1285: 1284,1316,1318,1341,1351,1354
1286: 1281,1282,1337,1355,1364
1287: 1296,1297,1306,1329,1342
1288: 1250,1273,1319,1339,1621,1631
1289: 1290,1291,1293,1357
129: 119,151,155,167,176,178
1290: 1012,1259,1289,1291,1292
1291: 1255,1257,1289,1290,1292,1293,1357
1292: 1009,1012,1255,1259,1290,1291
1293: 1257,1289,1291,1351,1357,1359
1294: 1301,1314,1320,1339
1295: 1278,1315,1348,1352,1362,1368
1296: 1247,1278,1287,1297,1315,1329,1330
1297: 1247,1263,1269,1273,1287,1296,1306,1340
1298: 1338,1341,1363
1299: 1266,1337,1345,1346,1354,1363
13: 12,159,160,3,4,6
130: 117,119,125,128,153,167,175
1300: 1254,1306,1342,1343,1345,1363,1366
1301: 1279,1294,1314,1367
1302: 1303,1305,1308,1349,1350,1356,1364
1303: 1302,1304,1305,1360
1304: 1303,1305,1360
1305: 1302,1303,1304,1308,1360
1306: 1254,1263,1287,1297,1300,1342
1307: 1284,1308,1309,1351,1353
1308: 1302,1305,1307,1309,1353,1356,1360
1309: 1272,1307,1308,1351,1360
131: 158,166,177,180,185,187
1310: 1274,1280,1321,1328,1344,1365
1311: 1253,1265,1312
1312: 1253,1265,1311,1313
1313: 1252,1253,1265,1312,1326
1314: 1248,1251,1279,1294,1301,1339,1367
1315: 1247,1278,1295,1296,1330,1352,1368
1316: 1285,1318,1341
1317: 1009,1011,1256,1259,1318,1341
1318: 1257,1259,1285,1316,1317,1341,1351
1319: 1250,1251,1269,1288,1339,1340
132: 125,128,181,188,189
1320: 1294,1339,1630,1632,804
1321: 1271,1280,1310,1344,1352,1361
1322: 1262,1266,1337,1346,1369
1323: 1267,1268,1324,1325
1324: 1323,1325,1334,1335
1325: 1268,1282,1323,1324,1335,1347
1326: 1252,1265,1313,1327,1332
1327: 1252,1265,1326,1328,1331,1332,1365
1328: 1252,1280,1310,1327,1365
1329: 1287,1296,1330,1342,1366
133: 145,146,150,162,165,174,186
1330: 1278,1296,1315,1329,1366
1331: 1270,1327,1332,1365
1332: 1265,1326,1327,1331,1333
1333: 1264,1265,1332
1334: 1275,1324,1335,1336
1335: 1275,1324,1325,1334,1336,1347
1336: 1275,1334,1335
1337: 1261,1262,1281,1282,1286,1299,1322,1346,1354,1355,1369
1338: 1019,1254,1298,1341,1363,1620,999
1339: 1251,1288,1294,1314,1319,1320,1631,1632
134: 135,140,141,150
1340: 1247,1251,1269,1297,1319
1341: 1011,1285,1298,1316,1317,1318,1338,1354,1363,999
1342: 1287,1300,1306,1329,1343,1366
1343: 1300,1342
1344: 1274,1310,1321,1352
1345: 1266,1278,1299,1300,1363,1366,1369
1346: 1266,1299,1322,1337
1347: 1260,1261,1275,1282,1283,1325,1335,1362
1348: 1262,1278,1295,1362,1369
1349: 1267,1268,1302,1350
135: 123,134,141,150,162
1350: 1268,1282,1302,1349,1364
1351: 1257,1272,1284,1285,1293,1307,1309,1318,1359,1360
1352: 1271,1274,1295,1315,1321,1344,1362,1368
1353: 1284,1307,1308,1354,1355,1356
1354: 1284,1285,1299,1337,1341,1353,1355,1363
1355: 1284,1286,1337,1353,1354,1356,1364
1356: 1302,1308,1353,1355,1364
1357: 1289,1291,1293,1358,1359
1358: 1272,1357,1359,1360
1359: 1257,1272,1293,1351,1357,1358
136: 147,154,156,5
1360: 1272,1303,1304,1305,1308,1309,1351,1358
1361: 1271,1279,1280,1321
1362: 1261,1262,1274,1275,1283,1295,1347,1348,1352,1371
1363: 1254,1298,1299,1300,1338,1341,1345,1354
1364: 1268,1282,1286,1302,1350,1355,1356
1365: 1270,1274,1310,1327,1328,1331,1370,1371
1366: 1278,1300,1329,1330,1342,1345
1367: 1279,1301,1314
1368: 1247,1248,1251,1271,1295,1315,1352
1369: 1262,1266,1278,1322,1337,1345,1348
137: 158,166,173,177
1370: 1249,1270,1277,1365,1371
1371: 1274,1275,1276,1277,1362,1365,1370
1372: 1234,1246,1373,1375,1376,1385,326
1373: 1372,1376,1384,1385,1387
1374: 1375,1377,1382,1383,1386,1389,252,264,325,326
1375: 1372,1374,1385,1386,326
1376: 1230,1233,1234,1236,1242,1372,1373,1384
1377: 1374,1378,1379,1381,1383,1389
1378: 1377,1379,1380,1381,313,314,339
1379: 1377,1378,1380,1389
138: 113,114,115,152
1380: 1378,1379,246,266,270,271,314,315
1381: 1377,1378,1383,335,336,338,339
1382: 1374,1383,263,264,319
1383: 1374,1377,1381,1382,1388,1389,319,336
1384: 1236,1237,1373,1376,1387,1389
1385: 1372,1373,1375,1386,1387
1386: 1374,1375,1385,1387,1389
1387: 1373,1384,1385,1386,1389
1388: 1383,234,319,336,342
1389: 1374,1377,1379,1383,1384,1386,1387
139: 124,126,154,167,175,176,190
1390: 1398,1399,1408,1414,1419,1421
1391: 1399,1400,1421,1501,1506
1392: 1393,1399,1506,1511,683,697,768
1393: 1392,1399,1420,1433,1439,1440,683,696
1394: 1395,1398,1400,1416
1395: 1394,1398,1408,1416
1396: 1397,1408,1416,1419
1397: 1396,1408,1419
1398: 1390,1394,1395,1400,1408,1421
1399: 1390,1391,1392,1393,1414,1419,1420,1421,1506
14: 0,1,1181,1196,1202,1224,1227,7
140: 134,141,142,143,145,150,161,164
1400: 1391,1394,1398,1401,1411,1416,1421,1501,1508,2139
1401: 1400,1402,1404,1411,1413,1416,1909,2139
1402: 1401,1403,1404,1405,1406,1836,1909,1910
1403: 1402,1404,1405,1407,1412,1413,1417
1404: 1401,1402,1403,1405,1407,1413
1405: 1402,1403,1404,1406,1417
1406: 1402,1405,1417,1836,1853,1872,1875,1910
1407: 1403,1404,1413
1408: 1390,1395,1396,1397,1398,1416,1419
1409: 1418,1427,1436,1440,912
141: 112,121,123,134,135,140,142
1410: 1411,1412,1415,1416,1417,1419
1411: 1400,1401,1410,1412,1413,1416
1412: 1403,1410,1411,1413,1417
1413: 1401,1403,1404,1407,1411,1412
1414: 1390,1399,1419,1421
1415: 1410,1417,1418,1419,912,923
1416: 1394,1395,1396,1400,1401,1408,1410,1411,1419
1417: 1403,1405,1406,1410,1412,1415,1872,911,912,923
1418: 1409,1415,1419,1420,1440,912
1419: 1390,1396,1397,1399,1408,1410,1414,1415,1416,1418,1420
142: 112,140,141,143,152,182
1420: 1393,1399,1418,1419,1440
1421: 1390,1391,1398,1399,1400,1414
1422: 1429,1442,1450,1455,1457
1423: 1425,1431,1437,1448
1424: 1446,1447,1449,1451,2226
1425: 1423,1426,1437,1448,1454,1455
1426: 1425,1437,1442,1455
1427: 1409,1430,1436,1445,674,912,920
1428: 1431,1437,1442,1443,1452
1429: 1422,1432,1442,1450,1456
143: 127,140,142,161,163,168,172,182
1430: 1427,1432,1443,1445,1452,664,673,674
1431: 1423,1428,1437,1443,1445,1448
1432: 1429,1430,1450,1452,1456,1457,673
1433: 1393,1439,1448,1454,696,701
1434: 1438,1441,1444,1453,1457,2231
1435: 1446,2264,2296
1436: 1409,1427,1439,1440,1445,1448
1437: 1423,1425,1426,1428,1431,1442
1438: 1434,1441,1444,1449,1451
1439: 1393,1433,1436,1440,1448
144: 149,151,155,165,179
1440: 1393,1409,1418,1420,1436,1439
1441: 1434,1438,1449,1453
1442: 1422,1426,1428,1429,1437,1452,1455,1456
1443: 1428,1430,1431,1445,1452
1444: 1434,1438,1457
1445: 1427,1430,1431,1436,1443,1448
1446: 1424,1435,2226,2296
1447: 1424,1449,2226,2236
1448: 1423,1425,1431,1433,1436,1439,1445,1454
1449: 1424,1438,1441,1447,1451,1453,2226,2236,2241
145: 133,140,146,150,164,183
1450: 1422,1429,1432,1456,1457,673
1451: 1424,1438,1449
1452: 1428,1430,1432,1442,1443,1456
1453: 1434,1441,1449,2231,2241
1454: 1425,1433,1448,1455,694,701
1455: 1422,1425,1426,1442,1454
1456: 1429,1432,1442,1450,1452
1457: 1422,1432,1434,1444,1450,2220,2231,673,677
1458: 1463,1464,1475,1476,1479,1480,1481,1484,1489
1459: 1468,1470,1478,1485,1487,1489
146: 133,145,1689,1692,1693,174,183
1460: 10,1053,147,1470,1482,5
1461: 1462,1463,1464,1471,1479,1681,2160,2164
1462: 1461,1463,1464,1480
1463: 1458,1461,1462,1466,1471,1480,1484
1464: 1458,1461,1462,1479,1480
1465: 1060,1171,1472,1486,1490,2031,2090
1466: 1208,1463,1471,1484,1488,1653,1654
1467: 1470,1481,1482,1483,1484,1487,1488
1468: 1459,1469,1470,1485,1486,1490
1469: 1061,1126,1468,1470,1472,1486
147: 1053,126,136,1460,154,181,5
1470: 1053,1059,1126,1459,1460,1467,1468,1469,1482,1487
1471: 1461,1463,1466,1484,1653,1660,1681
1472: 1060,1061,1465,1469,1486
1473: 1474,1475,1476,1477,1478
1474: 1473,1475,1478,1489
1475: 1458,1473,1474,1476,1489
1476: 1458,1473,1475,1477,1481
1477: 1473,1476,1478,1481
1478: 1459,1473,1474,1477,1481,1487,1489
1479: 1458,1461,1464,1480,1485,1489,2030,2164
148: 115,117,153
1480: 1458,1462,1463,1464,1479
1481: 1458,1467,1476,1477,1478,1484,1487
1482: 10,1221,1228,1460,1467,1470,1483
1483: 1189,1220,1221,1467,1482,1488
1484: 1458,1463,1466,1467,1471,1481,1488
1485: 1459,1468,1479,1489,1490,2030,2090
1486: 1465,1468,1469,1472,1490
1487: 1459,1467,1470,1478,1481,1489
1488: 1189,1197,1208,1225,1466,1467,1483,1484
1489: 1458,1459,1474,1475,1478,1479,1485,1487
149: 120,144,155,165,178,184
1490: 1465,1468,1485,1486,2030,2031,2090
1491: 1494,1496,1498,1510,1511,768,769,786,790
1492: 1500,1503,1505,1508,1509,1512,2133
1493: 1494,1495,1496,1503,1504
1494: 1491,1493,1496,1498,1504
1495: 1493,1496,1497,1503
1496: 1491,1493,1494,1495,1497,1498,1510
1497: 1495,1496,1500,1501,1503,1506,1510
1498: 1491,1494,1496,1504,788,789,790,793
1499: 1502,1504,1509
15: 45,46,49,94,95
150: 133,134,135,140,145,162
1500: 1492,1497,1501,1503,1505
1501: 1391,1400,1497,1500,1505,1506,1508
1502: 1499,1504,1507,1509,2124,788,933
1503: 1492,1493,1495,1497,1500,1504,1509
1504: 1493,1494,1498,1499,1502,1503,1509,788
1505: 1492,1500,1501,1508
1506: 1391,1392,1399,1497,1501,1510,1511
1507: 1502,2124,2140,2148,933
1508: 1400,1492,1501,1505,1512,2139,2155
1509: 1492,1499,1502,1503,1504,2124,2133
151: 129,144,155,159,160,176,179,190
1510: 1491,1496,1497,1506,1511
1511: 1392,1491,1506,1510,768
1512: 1492,1508,2133,2155
1513: 1517,1534,1568,1586,1656
1514: 1515,1518,1556,1583,1588
1515: 1514,1551,1556,1569,1588
1516: 1554,1562,1586,1981
1517: 1513,1535,1547,1551,1552,1568,1586,1597,1656
1518: 1514,1519,1521,1545,1577,1579,1583,1588
1519: 1518,1537,1540,1572,1577,1579
152: 112,113,115,138,142,153,182
1520: 1530,1559,1561,1565,1587,1592,1597
1521: 1518,1577,1583
1522: 1524,1525,1536,1574,1595,1604
1523: 1524,1525,1601,1603,1896,1965
1524: 1522,1523,1525,1527,1536,1896,1965
1525: 1522,1523,1524,1603,1604
1526: 1550,1556,1558,1583,1596,1606
1527: 1524,1536,1543,1544,1574,1575,1865,1896,449
1528: 1582,1592,1607,1863,1904
1529: 1534,1535,1568,1661,1927
153: 115,117,128,130,148,152,157,172,182,187
1530: 1520,1549,1559,1565
1531: 1532,1539,1574,1584
1532: 1531,1538,1543,1574,1575,1584,1590
1533: 1541,1564,1566,1567,1576,1581,1587,1596
1534: 1513,1529,1568,1656,1661,1679
1535: 1517,1529,1552,1568,1597,1927,1930,1931
1536: 1522,1524,1527,1574
1537: 1519,1538,1572,1577,1578
1538: 1532,1537,1572,1578,1584,1590,1593
1539: 1531,1567,1574,1584,1585,1595,1596,1606
154: 124,126,136,139,147,156,181
1540: 1519,1562,1571,1572,1579,39,88,92
1541: 1533,1555,1558,1566,1573,1581,1587
1542: 1546,1581,1587,1607,1608
1543: 1527,1532,1544,1574,1575,1590,1593,1599,1600
1544: 1527,1543,1600,449
1545: 1518,1547,1554,1579,1588,1598
1546: 1542,1607,1608,1831,1904,1972
1547: 1517,1545,1551,1586,1588,1598
1548: 1553,1581,1589,1594,1602,1604,1605
1549: 1530,1559,1565,1582,1597,1830,1857,1895,1897
155: 129,144,149,151,178
1550: 1526,1558,1566,1596,1606
1551: 1515,1517,1547,1552,1569,1588
1552: 1517,1535,1551,1563,1569,1580,1597
1553: 1548,1564,1567,1576,1581,1594,1605
1554: 1516,1545,1562,1579,1586,1598
1555: 1541,1556,1557,1558,1573
1556: 1514,1515,1526,1555,1557,1558,1569,1570,1583
1557: 1555,1556,1561,1563,1570,1573,1580
1558: 1526,1541,1550,1555,1556,1566,1583
1559: 1520,1530,1549,1597
156: 11,124,136,154,5
1560: 1571,1599,1736,42,92
1561: 1520,1557,1573,1580,1587,1597
1562: 1516,1540,1554,1579,1981,40,88
1563: 1552,1557,1569,1570,1580
1564: 1533,1553,1576,1581
1565: 1520,1530,1549,1582,1592
1566: 1533,1541,1550,1558,1567,1596
1567: 1533,1539,1553,1566,1576,1594,1595,1596,1606
1568: 1513,1517,1529,1534,1535
1569: 1515,1551,1552,1556,1563,1570
157: 153,168,172,182
1570: 1556,1557,1563,1569,1580
1571: 1540,1560,1572,1593,1599,92
1572: 1519,1537,1538,1540,1571,1579,1593
1573: 1541,1555,1557,1561,1587
1574: 1522,1527,1531,1532,1536,1539,1543,1575,1595
1575: 1527,1532,1543,1574
1576: 1533,1553,1564,1567,1594
1577: 1518,1519,1521,1537,1578,1583
1578: 1537,1538,1577,1583,1584,1585
1579: 1518,1519,1540,1545,1554,1562,1572
158: 131,137,166,173,1769,1774,180
1580: 1552,1557,1561,1563,1570,1597
1581: 1533,1541,1542,1548,1553,1564,1587,1605,1608,1932
1582: 1528,1549,1565,1592,1863,1895,1897,1898
1583: 1514,1518,1521,1526,1556,1558,1577,1578,1584,1585,1588,1606
1584: 1531,1532,1538,1539,1578,1583,1585
1585: 1539,1578,1583,1584,1606
1586: 1513,1516,1517,1547,1554,1598,1656,1670,1979,1981
1587: 1520,1533,1541,1542,1561,1573,1581,1592,1607,1608
1588: 1514,1515,1518,1545,1547,1551,1583
1589: 1548,1601,1602,1605,1932,1959
159: 13,151,160,190,4
1590: 1532,1538,1543,1593
1591: 1600,1737,439,441,449
1592: 1520,1528,1565,1582,1587,1607
1593: 1538,1543,1571,1572,1590,1599
1594: 1548,1553,1567,1576,1595,1604
1595: 1522,1539,1567,1574,1594,1604
1596: 1526,1533,1539,1550,1566,1567,1606
1597: 1517,1520,1535,1549,1552,1559,1561,1580,1830,1857,1931
1598: 1545,1547,1554,1586
1599: 1543,1560,1571,1593,1600,1736,1737
16: 18,19,63,65,66,67
160: 13,151,159,179,186
1600: 1543,1544,1591,1599,1737,449
1601: 1523,1589,1602,1603,1959,1965
1602: 1548,1589,1601,1603,1604
1603: 1523,1525,1601,1602,1604
1604: 1522,1525,1548,1594,1595,1602,1603
1605: 1548,1553,1581,1589,1608,1932
1606: 1526,1539,1550,1567,1583,1585,1596
1607: 1528,1542,1546,1587,1592,1863,1904
1608: 1542,1546,1581,1587,1605,1932,1972
1609: 1186,1222,1611,1612,1617,897,905
161: 127,140,143,164,170
1610: 1613,904,908
1611: 1185,1186,1226,1609,1612,1614,1618,1619,2
1612: 1609,1611,1614,1617,1618
1613: 1610,1616,908
1614: 1611,1612,1618
1615: 12,1619,6
1616: 1613,1617,908
1617: 1609,1612,1616,897,908
1618: 1611,1612,1614,1619
1619: 12,1611,1615,1618,2
162: 120,122,123,133,135,150,165,184
1620: 1002,1019,1254,1263,1273,1338,1621,1622,1627,2199,965,966,979
1621: 1273,1288,1620,1622,1626,1627,1631,1633
1622: 1620,1621,1627
1623: 1624,1625,1626
1624: 1623,1625,1626,1627
1625: 1623,1624,1626,1627,1629,1633,1634,1635,1636
1626: 1621,1623,1624,1625,1627,1633
1627: 1620,1621,1622,1624,1625,1626,1634,1635,811,972,973,975,979
1628: 1629,1630,1632,1633,1636,801
1629: 1625,1628,1632,1633,1636
163: 127,143,168,172,180
1630: 1320,1628,1632,801,803,804
1631: 1288,1339,1621,1632,1633
1632: 1320,1339,1628,1629,1630,1631,1633
1633: 1621,1625,1626,1628,1629,1631,1632
1634: 1625,1627,1635,805,811
1635: 1625,1627,1634,1636,800,801,805
1636: 1625,1628,1629,1635,801
1637: 1639,1644,1645,1649
1638: 1640,1641,1642,1647,810
1639: 1637,1645,1646
164: 140,145,161,170,1702,1703,1818,183
1640: 1638,1647,791,810,811,931
1641: 1638,1642,1644,1649,798,808,810
1642: 1638,1641,1645,1647,1648,1649,1650
1643: 1644
1644: 1637,1641,1643,1649
1645: 1637,1639,1642,1646,1649,1650
1646: 1639,1645,1650,1651,687,691
1647: 1638,1640,1642,1648,1650,791,795
1648: 1642,1647,1650
1649: 1637,1641,1642,1644,1645
165: 133,144,149,162,179,184,186
1650: 1642,1645,1646,1647,1648,687,795
1651: 1646,686,689,691
1652: 1658,1660,1663,1665,1671,1681
1653: 1466,1471,1654,1657,1658,1660,1676
1654: 1180,1208,1466,1653,1676,1976,1978
1655: 1662,1663,1673,1677,1681,910,913,918,921
1656: 1513,1517,1534,1586,1661,1670,1675,1679
1657: 1653,1658,1659,1666,1667,1675,1676,1678,1978,1980
1658: 1652,1653,1657,1660,1664,1667,1668,1671,1676
1659: 1657,1663,1666,1669,1675,1677
166: 131,137,158,177
1660: 1471,1652,1653,1658,1681
1661: 1529,1534,1656,1672,1673,1675,1679,1927
1662: 1655,1681,2160,2163,913
1663: 1652,1655,1659,1665,1669,1677,1681
1664: 1658,1665,1666,1667,1668,1669,1671
1665: 1652,1663,1664,1669,1671
1666: 1657,1659,1664,1667,1669
1667: 1657,1658,1664,1666,1668,1669
1668: 1658,1664,1667
1669: 1659,1663,1664,1665,1666,1667
167: 117,119,129,130,139,175,176
1670: 1586,1656,1675,1678,1979,1980,1982
1671: 1652,1658,1664,1665
1672: 1661,1673,1927,918
1673: 1655,1661,1672,1675,1677,918
1674: 1675
1675: 1656,1657,1659,1661,1670,1673,1674,1677,1678
1676: 1653,1654,1657,1658,1978
1677: 1655,1659,1663,1673,1675
1678: 1657,1670,1675,1980
1679: 1534,1656,1661
168: 143,157,163,172,182
1680: 1681
1681: 1461,1471,1652,1655,1660,1662,1663,1680,2160
1682: 1683,1684,1685,1686,1694,1697
1683: 1682,1684,1685,1711,1712
1684: 1682,1683,1687,1694,1712
1685: 1682,1683,1686,1710
1686: 1682,1685,1696,1697,1710
1687: 1684,1688,1690,1691,1694,1711,1712
1688: 1687,1689,1690,1691,1693,1702
1689: 146,1688,1693,1702,183
169: 1032,1172,185,188
1690: 1687,1688,1692,1693
1691: 1687,1688,1694,1702,1708
1692: 146,1690,1693
1693: 146,1688,1689,1690,1692
1694: 1682,1684,1687,1691,1697,1700,1701,1708
1695: 1696,1699,1710,1787,1794
1696: 1686,1695,1697,1698,1699,1700,1710
1697: 1682,1686,1694,1696,1700
1698: 1696,1699,1700,1705,1707,1789,1794
1699: 1695,1696,1698,1789,1794
17: 101,63,64,65,906,907,98
170: 127,161,164,1818
1700: 1694,1696,1697,1698,1701,1705,1708
1701: 1694,1700,1705,1706,1708,1709
1702: 164,1688,1689,1691,1703,1706,1708,1709,1818,183
1703: 164,1702,1704,1705,1706,1709,1818,1820
1704: 1703,1705,1707,1709,1770,1789,1802,1820
1705: 1698,1700,1701,1703,1704,1707,1709
1706: 1701,1702,1703,1708,1709
1707: 1698,1704,1705,1789
1708: 1691,1694,1700,1701,1702,1706
1709: 1701,1702,1703,1704,1705,1706
171: 1032,1125,177,185
1710: 1685,1686,1695,1696
1711: 1683,1687,1712
1712: 1683,1684,1687,1711
1713: 1715,1725,1728,1750,1751,1757,1758
1714: 1720,1721,1738,1749,1760
1715: 1713,1716,1717,1750,1751
1716: 1715,1717,1729,1750,861,878,881
1717: 1715,1716,1718,1723,1751,193,200,878
1718: 1717,193,200,735,878
1719: 1728,1731,1735,1743,1755,1756,1763,1765
172: 143,153,157,163,168,180,187
1720: 1714,1721,1723,1738,192,200
1721: 1714,1720,1722,1723,1759,1760
1722: 1721,1723,1751,1758,1759
1723: 1717,1720,1721,1722,1751,200
1724: 1725,1752,1753,442,446,447
1725: 1713,1724,1728,1750,1752,1753,447
1726: 1727,1729,1730,1764,400,713,728
1727: 1726,1730,362,383,400
1728: 1713,1719,1725,1731,1750,1757,1765,440,447
1729: 1716,1726,1730,1750,1764,853,881
173: 1042,1092,1159,137,158,177,1774,1808,1811,1819
1730: 1726,1727,1729,383,853,881
1731: 1719,1728,1733,1762,1763,1765,440,441,443,448,450
1732: 1733,1737,1749,1760,1761
1733: 1731,1732,1737,1761,1762,441,448
1734: 1736,1737,1738,1749,1754
1735: 1719,1755,1763
1736: 1560,1599,1734,1737,1754,42,91
1737: 1591,1599,1600,1732,1733,1734,1736,1749,441
1738: 1714,1720,1734,1749,1754,192,203
1739: 1741,1745,1746,1747,1759,1760
174: 133,146,186
1740: 1746,1747,1748,1761,1762
1741: 1739,1742,1743,1744,1745,1758,1759,1760
1742: 1741,1743,1757,1758
1743: 1719,1741,1742,1744,1755,1756,1757,1763
1744: 1741,1743,1745,1748,1755,1763
1745: 1739,1741,1744,1747,1748
1746: 1739,1740,1747,1760,1761
1747: 1739,1740,1745,1746,1748
1748: 1740,1744,1745,1747,1762,1763
1749: 1714,1732,1734,1737,1738,1760
175: 125,126,130,139,167
1750: 1713,1715,1716,1725,1728,1729,1753,1764
1751: 1713,1715,1717,1722,1723,1758
1752: 1724,1725,1753,1764,446,728,729
1753: 1724,1725,1750,1752,1764
1754: 1734,1736,1738,203,212,216,35,42,91
1755: 1719,1735,1743,1744,1763
1756: 1719,1743,1757,1765
1757: 1713,1728,1742,1743,1756,1758,1765
1758: 1713,1722,1741,1742,1751,1757,1759
1759: 1721,1722,1739,1741,1758,1760
176: 129,139,151,167,190
1760: 1714,1721,1732,1739,1741,1746,1749,1759,1761
1761: 1732,1733,1740,1746,1760,1762
1762: 1731,1733,1740,1748,1761,1763
1763: 1719,1731,1735,1743,1744,1748,1755,1762
1764: 1726,1729,1750,1752,1753,728
1765: 1719,1728,1731,1756,1757
1766: 1770,1772,1788,1793,1802,1820
1767: 1787,1794,1799,1804,1813,1824
1768: 1771,1783,1792,1798,1810,1814
1769: 158,1774,1782,180,1803,1809,1826
177: 1042,1092,1125,131,137,166,171,173,185,187
1770: 1704,1766,1788,1793,1802,1820
1771: 1768,1775,1780,1785,1790,1792,1814
1772: 127,1766,1788,1793,1816,1818,1822
1773: 1780,1785,1786,1799,1817
1774: 158,173,1769,1791,1809,1811
1775: 1771,1777,1784,1785,1786,1790,1821
1776: 1159,1175,1784,1807,1808,1821
1777: 1055,1137,1157,1775,1786,1795,1821
1778: 1782,1784,1790,1792,1801,1807,1810
1779: 1781,1783,1798,1800,1806,1815,1823
178: 118,119,120,129,149,155,184
1780: 1771,1773,1785,1814,1817
1781: 127,1779,1796,1797,180,1800,1816,1823
1782: 1769,1778,1791,1801,1803,1807,1809
1783: 1768,1779,1798,1810,1815,1825
1784: 1775,1776,1778,1790,1807,1821
1785: 1771,1773,1775,1780,1786
1786: 1773,1775,1777,1785,1787,1795,1799,1805
1787: 1695,1767,1786,1794,1799,1805
1788: 1766,1770,1772,1793,1802,1822
1789: 1698,1699,1704,1707,1794,1796,1797,1802,1812,1813
179: 144,151,160,165,186
1790: 1771,1775,1778,1784,1792,1810
1791: 1774,1782,1807,1809,1811
1792: 1768,1771,1778,1790,1810
1793: 1766,1770,1772,1788,1818,1820
1794: 1695,1698,1699,1767,1787,1789,1812,1813
1795: 1055,1148,1777,1786,1805
1796: 1781,1789,1797,1804,1813,1823
1797: 1781,1789,1796,1802,1816,1823
1798: 1768,1779,1783,1806,1814,1815
1799: 1767,1773,1786,1787,1817,1824
18: 16,19,20,23,67,69
180: 127,131,158,163,172,1769,1781,1800,1826,187
1800: 1779,1781,180,1815,1826
1801: 1778,1782,1803,1810,1825
1802: 1704,1766,1770,1788,1789,1797,1816,1820,1822
1803: 1769,1782,1801,1825,1826
1804: 1767,1796,1806,1813,1814,1817,1823,1824
1805: 1095,1148,1786,1787,1795
1806: 1779,1798,1804,1814,1817,1823
1807: 1776,1778,1782,1784,1791,1808,1811,1819
1808: 1159,1175,173,1776,1807,1819
1809: 1769,1774,1782,1791
181: 1053,1172,125,126,132,147,154,188
1810: 1768,1778,1783,1790,1792,1801,1825
1811: 173,1774,1791,1807,1819
1812: 1789,1794,1813
1813: 1767,1789,1794,1796,1804,1812
1814: 1768,1771,1780,1798,1804,1806,1817
1815: 1779,1783,1798,1800,1825,1826
1816: 127,1772,1781,1797,1802,1822
1817: 1773,1780,1799,1804,1806,1814,1824
1818: 127,164,170,1702,1703,1772,1793,1820
1819: 173,1807,1808,1811
182: 142,143,152,153,157,168
1820: 1703,1704,1766,1770,1793,1802,1818
1821: 1137,1157,1175,1775,1776,1777,1784
1822: 1772,1788,1802,1816
1823: 1779,1781,1796,1797,1804,1806
1824: 1767,1799,1804,1817
1825: 1783,1801,1803,1810,1815,1826
1826: 1769,180,1800,1803,1815,1825
1827: 1843,1884,1933,1956,1974
1828: 1916,1924,1950,1952,1958,1971
1829: 1830,1847,1848,1849,1856,1895,1927,1931
183: 145,146,164,1689,1702
1830: 1549,1597,1829,1856,1857,1931
1831: 1546,1874,1904,1937,1972
1832: 1838,1865,1866,1868,1882,1896,1925,1934,1975
1833: 1834,1835,1886,915,923,924
1834: 1833,1835,1872,1877,1921,911,923,924
1835: 1833,1834,1854,1873,1877,1886
1836: 1402,1406,1853,1889,1900,1909,1910,1935
1837: 1838,1882,1903,1934,1956
1838: 1832,1837,1882,1934
1839: 1869,1884,1908,1928
184: 120,149,162,165,178
1840: 1853,1900,1914
1841: 1868,1879,1885,1905,1906,1907,1956
1842: 1844,1855,1860,1883,1951,1957
1843: 1827,1850,1861,1923,1933,1956
1844: 1842,1874,1876,1883,1886,1915,1937,1952,1957,1971
1845: 1855,1860,1869,1870,1871,1883,1884,1894,1933
1846: 1847,1848,1849,1886,1892,1917,1927,918
1847: 1829,1846,1849,1895,1917,1918
1848: 1829,1846,1849,1927
1849: 1829,1846,1847,1848,1927
185: 1032,131,169,171,177,187,188
1850: 1843,1861,1887,1923,1926
1851: 1858,1881,1970,2110,2123,2135,445
1852: 1871,1948,1951,1966,1967
1853: 1406,1836,1840,1875,1900,1914
1854: 1835,1869,1870,1873,1876,1883,1886,1929,1936
1855: 1842,1845,1860,1871,1951
1856: 1829,1830,1857,1895
1857: 1549,1597,1830,1856,1895
1858: 1851,1865,1866,1881,1970,439,445,449
1859: 1867,1881,1909,1956,1970,2119,2139
186: 133,160,165,174,179
1860: 1842,1845,1855,1870,1883
1861: 1843,1850,1926,1955,1956
1862: 1925,1940,1942,1943,1946
1863: 1528,1582,1607,1864,1897,1898,1904,1920
1864: 1863,1886,1904,1920,1937
1865: 1527,1832,1858,1866,1896,449
1866: 1832,1858,1865,1868,1881,1934
1867: 1859,1868,1881,1906,1907,1956,1970
1868: 1832,1841,1866,1867,1881,1885,1907,1934
1869: 1839,1845,1854,1870,1884,1928,1929
187: 128,131,153,172,177,180,185,188,189
1870: 1845,1854,1860,1869,1883,1929
1871: 1845,1852,1855,1894,1923,1951,1966
1872: 1406,1417,1834,1875,1877,1921,911
1873: 1835,1854,1877,1878,1922,1936
1874: 1831,1844,1932,1937,1952,1971,1972
1875: 1406,1853,1872,1877,1912,1913,1914
1876: 1844,1854,1883,1886
1877: 1834,1835,1872,1873,1875,1878,1912,1913,1921,1922
1878: 1873,1877,1922
1879: 1841,1885,1934,1956
188: 1172,132,169,181,185,187,189
1880: 1908,1909,1935,1956,1973
1881: 1851,1858,1859,1866,1867,1868,1970
1882: 1832,1837,1838,1956,1975
1883: 1842,1844,1845,1854,1860,1870,1876,1957
1884: 1827,1839,1845,1869,1908,1933,1974
1885: 1841,1868,1879,1934
1886: 1833,1835,1844,1846,1854,1864,1876,1891,1892,1920,1937,915,918
1887: 1850,1923,1926,1963,1966
1888: 1889,1890,1899,1900,1901,1912,1936
1889: 1836,1888,1890,1900,1928,1935,1973
189: 128,132,187,188
1890: 1888,1889,1928,1929,1936
1891: 1886,1892,1893,1919,1920
1892: 1846,1886,1891,1917,1919
1893: 1891,1919,1920
1894: 1845,1871,1923,1933
1895: 1549,1582,1829,1847,1856,1857,1897,1918,1920
1896: 1523,1524,1527,1832,1865,1925,1939,1940,1965,1975
1897: 1549,1582,1863,1895,1898,1920
1898: 1582,1863,1897
1899: 1888,1900,1901,1912,1913,1936
19: 16,18,63,65,69
190: 11,124,139,151,159,176,4
1900: 1836,1840,1853,1888,1889,1899,1901,1913,1914
1901: 1888,1899,1900
1902: 1903,1956
1903: 1837,1902,1956
1904: 1528,1546,1607,1831,1863,1864,1937
1905: 1841,1906,1907
1906: 1841,1867,1905,1907,1956
1907: 1841,1867,1868,1905,1906
1908: 1839,1880,1884,1928,1956,1973,1974
1909: 1401,1402,1836,1859,1880,1910,1935,1956,2139
191: 194,195,198,201,202
1910: 1402,1406,1836,1909
1911: 1912,1922,1936
1912: 1875,1877,1888,1899,1911,1913,1922,1936
1913: 1875,1877,1899,1900,1912,1914
1914: 1840,1853,1875,1900,1913
1915: 1844,1952,1957
1916: 1828,1924,1932,1971
1917: 1846,1847,1892,1918,1919
1918: 1847,1895,1917,1919,1920
1919: 1891,1892,1893,1917,1918,1920
192: 1720,1738,195,200,202,203
1920: 1863,1864,1886,1891,1893,1895,1897,1918,1919
1921: 1834,1872,1877
1922: 1873,1877,1878,1911,1912,1936
1923: 1843,1850,1871,1887,1894,1933,1966
1924: 1828,1916,1932,1958,1959
1925: 1832,1862,1896,1940,1943,1946,1956,1975
1926: 1850,1861,1887,1944,1945,1954,1955,1963,1966
1927: 1529,1535,1661,1672,1829,1846,1848,1849,1930,1931,918
1928: 1839,1869,1889,1890,1908,1929,1973
1929: 1854,1869,1870,1890,1928,1936
193: 1717,1718,197,199,200,202,735
1930: 1535,1927,1931
1931: 1535,1597,1829,1830,1927,1930
1932: 1581,1589,1605,1608,1874,1916,1924,1959,1971,1972
1933: 1827,1843,1845,1884,1894,1923
1934: 1832,1837,1838,1866,1868,1879,1885,1956
1935: 1836,1880,1889,1909,1973
1936: 1854,1873,1888,1890,1899,1911,1912,1922,1929
1937: 1831,1844,1864,1874,1886,1904
1938: 1939,1941,1949,1959,1962,1965,1969
1939: 1896,1938,1940,1941,1965
194: 109,1243,191,197,198,199,202,733
1940: 1862,1896,1925,1939,1941,1942
1941: 1938,1939,1940,1942,1943,1953,1962
1942: 1862,1940,1941,1943
1943: 1862,1925,1941,1942,1945,1946,1953,1962
1944: 1926,1945,1947,1953,1963,1969
1945: 1926,1943,1944,1946,1953,1954
1946: 1862,1925,1943,1945,1954,1955,1956
1947: 1944,1961,1963,1966,1967,1968,1969
1948: 1852,1951,1960,1964,1967
1949: 1938,1959,1961,1964,1968,1969
195: 191,192,196,201,202,203,213
1950: 1828,1952,1957,1958,1960,1964
1951: 1842,1852,1855,1871,1948,1957,1960
1952: 1828,1844,1874,1915,1950,1957,1971
1953: 1941,1943,1944,1945,1962,1969
1954: 1926,1945,1946,1955
1955: 1861,1926,1946,1954,1956
1956: 1827,1837,1841,1843,1859,1861,1867,1879,1880,1882,1902,1903,1906,1908,1909,1925,1934,1946,1955,1974,1975
1957: 1842,1844,1883,1915,1950,1951,1952,1960
1958: 1828,1924,1950,1959,1964
1959: 1589,1601,1924,1932,1938,1949,1958,1964,1965
196: 195,203,209,213
1960: 1948,1950,1951,1957,1964
1961: 1947,1949,1964,1967,1968
1962: 1938,1941,1943,1953,1969
1963: 1887,1926,1944,1947,1966
1964: 1948,1949,1950,1958,1959,1960,1961,1967
1965: 1523,1524,1601,1896,1938,1939,1959
1966: 1852,1871,1887,1923,1926,1947,1963,1967
1967: 1852,1947,1948,1961,1964,1966
1968: 1947,1949,1961,1969
1969: 1938,1944,1947,1949,1953,1962,1968
197: 193,194,199,202
1970: 1851,1858,1859,1867,1881,2110,2119,2123
1971: 1828,1844,1874,1916,1932,1952,1972
1972: 1546,1608,1831,1874,1932,1971
1973: 1880,1889,1908,1928,1935
1974: 1827,1884,1908,1956
1975: 1832,1882,1896,1925,1956
1976: 1180,1222,1654,1977,1978,1986
1977: 1222,1976,1986,1988,901,905
1978: 1654,1657,1676,1976,1980,1985,1986
1979: 1586,1670,1981,1982,1987
198: 109,110,191,194,201
1980: 1657,1670,1678,1978,1982,1985,1987
1981: 1516,1562,1586,1979,1983,1984,1987,40
1982: 1670,1979,1980,1987
1983: 1981,1984,1985,1987,1988
1984: 1981,1983,1988,29,40,902
1985: 1978,1980,1983,1986,1987,1988
1986: 1976,1977,1978,1985,1988
1987: 1979,1980,1981,1982,1983,1985
1988: 1977,1983,1984,1985,1986,901,902
1989: 1996,2027,2057,2070,2075,2076,2093,2098
199: 193,194,197,733,735,763
1990: 2005,2079,2081,2099
1991: 1992,2071,2087,2089
1992: 1991,2043,2071,2079,2089
1993: 1043,1164,1168,2027,2053,2054,2094
1994: 1999,2038,2046,2072
1995: 2005,2033,2062,2065,2081
1996: 1989,2027,2053,2057,2076,2083,2085
1997: 2015,2029,2056,2059,2082,2084
1998: 2031,2058,2071,2073,2075,2077,2091
1999: 1994,2032,2038,2043,2044,2046,2087,2095,2096
2: 0,1,1185,12,1226,1611,1619,3
20: 18,23,28,67,73,75,78
200: 1717,1718,1720,1723,192,193,202
2000: 2001,2002,2003,2080,2092
2001: 2000,2002,2003,2037,2040,2044,2092
2002: 2000,2001,2003,2009,2012,2064,2074,2080
2003: 2000,2001,2002,2037,2048,2064
2004: 2015,2017,2020,2025,2029,2067
2005: 1990,1995,2019,2028,2062,2079,2081
2006: 2028,2034,2079
2007: 2012,2017,2020,2026,2029,2097
2008: 2009,2012,2013,2018,2055
2009: 2002,2008,2012,2018,2064,2074
201: 110,191,195,198,211,213,214
2010: 2022,2030,2061,2073,2090,2100
2011: 2035,2036,2045,2048,2051
2012: 2002,2007,2008,2009,2020,2055,2080,2097
2013: 2008,2018,2055,640,653
2014: 2032,2036,2037,2044,2045,2049
2015: 1997,2004,2029,2059,2066,2067,2082,659
2016: 2023,2026,2033,2047,2062,2088
2017: 2004,2007,2020,2025,2029
2018: 2008,2009,2013,2063,2074,2086
2019: 2005,2028,2062,2082,2084
202: 191,192,193,194,195,197,200
2020: 2004,2007,2012,2017,2055,2067,640,647,652,659
2021: 2028,2082
2022: 2010,2030,2061,2164,2171
2023: 2016,2026,2033,2039,2069,2097
2024: 2041,2049,2053,2054,2095
2025: 2004,2017,2029
2026: 2007,2016,2023,2029,2047,2069,2097
2027: 1989,1993,1996,2053,2054,2093,2094
2028: 2005,2006,2019,2021,2034,2079,2082
2029: 1997,2004,2007,2015,2017,2025,2026,2047,2056
203: 1738,1754,192,195,196,209,212
2030: 1479,1485,1490,2010,2022,2090,2164
2031: 1045,1171,1465,1490,1998,2073,2075,2090,2098,2100
2032: 1999,2014,2044,2049,2095
2033: 1995,2016,2023,2039,2062,2065,2072
2034: 2006,2028,2061,2068,2073,2079,2082
2035: 2011,2036,2041,2051,2060
2036: 2011,2014,2035,2041,2045,2049
2037: 2001,2003,2014,2044,2045,2048
2038: 1994,1999,2039,2040,2044,2069,2072,2092
2039: 2023,2033,2038,2069,2072
204: 205,207,215,217,218
2040: 2001,2038,2044,2069,2092
2041: 2024,2035,2036,2042,2049,2054,2060
2042: 1147,2041,2054,2060
2043: 1992,1999,2046,2078,2079,2089,2096,2099
2044: 1999,2001,2014,2032,2037,2038,2040
2045: 2011,2014,2036,2037,2048
2046: 1994,1999,2043,2065,2072,2081,2099
2047: 2016,2026,2029,2056,2088
2048: 2003,2011,2037,2045,2051,2063,2064,2074,2086
2049: 2014,2024,2032,2036,2041,2095
205: 204,206,207,208,210,213,217
2050: 2051,2052,2063
2051: 1065,2011,2035,2048,2050,2052,2060,2063
2052: 1065,2050,2051
2053: 1993,1996,2024,2027,2054,2085,2095
2054: 1043,1147,1993,2024,2027,2041,2042,2053
2055: 2008,2012,2013,2020,640
2056: 1997,2029,2047,2084,2088
2057: 1989,1996,2076,2077,2083,2085,2091
2058: 1998,2071,2077,2083,2091
2059: 1997,2015,2082,2084
206: 205,207,211,213,214
2060: 1065,1147,2035,2041,2042,2051
2061: 2010,2022,2034,2068,2073,2164,2171,2179
2062: 1995,2005,2016,2019,2033,2084,2088
2063: 2018,2048,2050,2051,2086
2064: 2002,2003,2009,2048,2074
2065: 1995,2033,2046,2072,2081
2066: 2015,2082,2166,2167,659
2067: 2004,2015,2020,647,659
2068: 2034,2061,2082,2167,2179
2069: 2023,2026,2038,2039,2040,2080,2092,2097
207: 204,205,206,214,215
2070: 1045,1066,1124,1989,2093,2098
2071: 1991,1992,1998,2058,2073,2077,2079,2083,2087
2072: 1994,2033,2038,2039,2046,2065
2073: 1998,2010,2031,2034,2061,2071,2079,2100
2074: 2002,2009,2018,2048,2064,2086
2075: 1989,1998,2031,2076,2091,2098
2076: 1989,1996,2057,2075,2091
2077: 1998,2057,2058,2071,2083,2091
2078: 2043,2079,2099
2079: 1990,1992,2005,2006,2028,2034,2043,2071,2073,2078,2099
208: 205,209,210,212,213
2080: 2000,2002,2012,2069,2092,2097
2081: 1990,1995,2005,2046,2065,2099
2082: 1997,2015,2019,2021,2028,2034,2059,2066,2068,2084,2167,2179
2083: 1996,2057,2058,2071,2077,2085,2087
2084: 1997,2019,2056,2059,2062,2082,2088
2085: 1996,2053,2057,2083,2087,2095
2086: 2018,2048,2063,2074
2087: 1991,1999,2071,2083,2085,2089,2095,2096
2088: 2016,2047,2056,2062,2084
2089: 1991,1992,2043,2087,2096
209: 196,203,208,212,213
2090: 1465,1485,1490,2010,2030,2031,2100
2091: 1998,2057,2058,2075,2076,2077
2092: 2000,2001,2038,2040,2069,2080
2093: 1066,1102,1124,1164,1989,2027,2070,2094
2094: 1164,1168,1993,2027,2093
2095: 1999,2024,2032,2049,2053,2085,2087
2096: 1999,2043,2087,2089
2097: 2007,2012,2023,2026,2069,2080
2098: 1045,1171,1989,2031,2070,2075
2099: 1990,2043,2046,2078,2079,2081
21: 74,77,79,99
210: 205,208,212,216,217
2100: 2010,2031,2073,2090
2101: 2102,2142,2150,2157
2102: 2101,2122,2128,2136,2138,2142,2145,2147,2157
2103: 2113,2134,2143,2145,2154
2104: 2105,2126,2149,2158
2105: 2104,2126,2128,2143,2151,2158
2106: 2115,2144,2149
2107: 2113,2121,2129,2130,2141
2108: 2109,2112,2115,2118,2131,2144
2109: 2108,2111,2112,2118,2155
211: 201,206,213,214
2110: 1851,1970,2119,2123,2126,2132,2144,2149
2111: 2109,2112,2130,2133,2155
2112: 2108,2109,2111,2113,2115,2116,2130,2134
2113: 2103,2107,2112,2129,2130,2134,2154
2114: 2123,2135,2136,2137,2138
2115: 2106,2108,2112,2116,2144,2149,2158
2116: 2112,2115,2134,2143,2158
2117: 2121,2122,2129,2145,2154
2118: 2108,2109,2119,2131,2139,2155
2119: 1859,1970,2110,2118,2131,2132,2139
212: 1754,203,208,209,210,216
2120: 2122,2142,2146,2150,2156
2121: 2107,2117,2122,2129,2141,2145
2122: 2102,2117,2120,2121,2141,2142,2145,2150,2156
2123: 1851,1970,2110,2114,2126,2127,2135,2138,2149
2124: 1502,1507,1509,2125,2133,2140,2141,2156
2125: 2124,2136,2140,2156,708,716,727
2126: 2104,2105,2110,2123,2127,2149,2151,2152
2127: 2123,2126,2138,2152
2128: 2102,2105,2143,2145,2147,2151
2129: 2107,2113,2117,2121,2154
213: 195,196,201,205,206,208,209,211
2130: 2107,2111,2112,2113,2133,2141
2131: 2108,2118,2119,2132,2144
2132: 2110,2119,2131,2144
2133: 1492,1509,1512,2111,2124,2130,2141,2155
2134: 2103,2112,2113,2116,2143
2135: 1851,2114,2123,2137,445,446,712,726
2136: 2102,2114,2125,2137,2138,2156,2157,716
2137: 2114,2135,2136,716,726
2138: 2102,2114,2123,2127,2136,2147,2152,2153,2157
2139: 1400,1401,1508,1859,1909,2118,2119,2155
214: 108,110,111,201,206,207,211,215
2140: 1507,2124,2125,2148,708,723,727,731
2141: 2107,2121,2122,2124,2130,2133,2156
2142: 2101,2102,2120,2122,2150
2143: 2103,2105,2116,2128,2134,2145,2154,2158
2144: 2106,2108,2110,2115,2131,2132,2149
2145: 2102,2103,2117,2121,2122,2128,2143,2154
2146: 2120,2150,2156,2157
2147: 2102,2128,2138,2151,2153
2148: 1507,2140,731,933,976,977
2149: 2104,2106,2110,2115,2123,2126,2144,2158
215: 108,204,207,214
2150: 2101,2120,2122,2142,2146,2157
2151: 2105,2126,2128,2147,2152,2153
2152: 2126,2127,2138,2151,2153
2153: 2138,2147,2151,2152
2154: 2103,2113,2117,2129,2143,2145
2155: 1508,1512,2109,2111,2118,2133,2139
2156: 2120,2122,2124,2125,2136,2141,2146,2157
2157: 2101,2102,2136,2138,2146,2150,2156
2158: 2104,2105,2115,2116,2143,2149
2159: 2168,2169,2170,2172
216: 1754,210,212,217,218,35,91
2160: 1461,1662,1681,2163,2164,2165,2172
2161: 2162,2166,2167,2168,2170,2174,2177
2162: 2161,2164,2165,2167,2171,2176,2177,2178
2163: 1662,2160,2172,675,913
2164: 1461,1479,2022,2030,2061,2160,2162,2165,2171
2165: 2160,2162,2164,2170,2172,2175,2176,2178
2166: 2066,2161,2167,2168,651,659
2167: 2066,2068,2082,2161,2162,2166,2171,2179
2168: 2159,2161,2166,2169,2170,2217,651,682
2169: 2159,2168,2172,682
217: 204,205,210,216,218
2170: 2159,2161,2165,2168,2172,2173,2174,2175
2171: 2022,2061,2162,2164,2167,2179
2172: 2159,2160,2163,2165,2169,2170,675,682
2173: 2170,2174,2175
2174: 2161,2170,2173,2175,2176,2177
2175: 2165,2170,2173,2174,2176,2177
2176: 2162,2165,2174,2175,2177,2178
2177: 2161,2162,2174,2175,2176,2178
2178: 2162,2165,2176,2177
2179: 2061,2068,2082,2167,2171
218: 204,216,217,35
2180: 2188,2192,2198,2204,709,710,723,724
2181: 2183,2184,2187,2197,2200,2202,2207
2182: 2194,2201,2204,2205,967,970
2183: 2181,2184,2191,2194,2195,2200
2184: 2181,2183,2195,2203,2207
2185: 1008,2187,2206,2207,994,995
2186: 2196,2198,2203,371,407,417,711,717,732
2187: 1023,2181,2185,2202,2207,995
2188: 2180,2201,2204,709
2189: 2190,2191,2199,2205,965,991
219: 220,221,258
2190: 1022,2189,2191,2199,2200
2191: 2183,2189,2190,2194,2200,2205,991
2192: 2180,2193,2194,2195,2198,2203,2204
2193: 2192,2194,2195
2194: 2182,2183,2191,2192,2193,2195,2204,2205
2195: 2183,2184,2192,2193,2194,2203
2196: 2186,2203,2206,2207,407,417
2197: 1022,1023,2181,2200,2202
2198: 2180,2186,2192,2203,724,732
2199: 1002,1022,1620,2189,2190,965
22: 70,72,77,79
220: 219,221,258,299,303,304,305
2200: 1022,2181,2183,2190,2191,2197
2201: 2182,2188,2204,709,969,970,974,977
2202: 1023,2181,2187,2197
2203: 2184,2186,2192,2195,2196,2198,2207
2204: 2180,2182,2188,2192,2194,2201
2205: 2182,2189,2191,2194,967,968,971,991
2206: 1008,2185,2196,2207,345,388,417
2207: 2181,2184,2185,2187,2196,2203,2206
2208: 2244,2245,2266,2267,2300,2301
2209: 2228,2244,2254,2256,2262,2267
221: 219,220,256,258,299,310,311
2210: 2244,2261,2262,2266,2278
2211: 2221,2236,2237,2247,2249,2258,2268,2295,2302
2212: 2219,2252,2274,2276,2280
2213: 2216,2223,2234,2289,2294,635
2214: 2233,2253,2260,2277
2215: 2216,2233,2255,2260,2261,2281
2216: 2213,2215,2255,2260,2289
2217: 2168,2246,2259,2291,651,682
2218: 2234,2266,2300,2306,2307
2219: 2212,2238,2239,2264,2276,2280,2297,2298
222: 223,228,233,234,238,264,320
2220: 1457,2231,2249,2250,2257,2263,2265,2293,671,677
2221: 2211,2236,2237,2252,2271,2290,2302
2222: 2234,2243,2255,2281,2289
2223: 2213,2234,2246,2291,2294,2306
2224: 2251,2252,2262,2274,2275,2292,2303
2225: 2259,2270,2291,2300,2301,2306,2307
2226: 1424,1446,1447,1449,2235,2236,2296
2227: 2248,2269,2273,2284
2228: 2209,2230,2232,2248,2256,2267,2271,2287,2290
2229: 2263,2270,2272,2282,2283,2288
223: 222,227,228,233
2230: 2228,2232,2248,2269,2283,2284,2285
2231: 1434,1453,1457,2220,2241,2249,2293
2232: 2228,2230,2248,2285,2287
2233: 2214,2215,2253,2260,2261,2277,2278
2234: 2213,2218,2222,2223,2243,2266,2281,2289,2306
2235: 2226,2236,2237,2238,2280,2296
2236: 1447,1449,2211,2221,2226,2235,2237,2241,2249
2237: 2211,2221,2235,2236,2238,2252,2280,2290
2238: 2219,2235,2237,2239,2264,2280,2296
2239: 2219,2238,2264
224: 227,232,241,245,315
2240: 2242,2276,2298
2241: 1449,1453,2231,2236,2249,2265,2293
2242: 2240,2275,2276,2278,2292,2298,2303,2304
2243: 2222,2234,2289
2244: 2208,2209,2210,2262,2266,2267,2300
2245: 2208,2267,2269,2273,2301
2246: 2217,2223,2291,2294,651,655,660
2247: 2211,2250,2258,2268,2286,2288
2248: 2227,2228,2230,2232,2267,2273,2284
2249: 2211,2220,2231,2236,2241,2265,2295
225: 226,227,233,241,242,243,309
2250: 2220,2247,2258,2263,2265,2288,2295
2251: 2224,2252,2254,2256,2262,2290
2252: 2212,2221,2224,2237,2251,2274,2280,2290
2253: 2214,2233,2261,2277,2278,2279
2254: 2209,2251,2256,2262
2255: 2215,2216,2222,2281,2289
2256: 2209,2228,2251,2254,2271,2290
2257: 2220,2265,2293
2258: 2211,2247,2250,2268,2295
2259: 2217,2225,2270,2272,2291,678,682
226: 225,233,242,266,267,273,275,296,309,315,328
2260: 2214,2215,2216,2233
2261: 2210,2215,2233,2253,2266,2278,2281
2262: 2209,2210,2224,2244,2251,2254,2267,2278,2292,2299
2263: 2220,2229,2250,2272,2288,671,680
2264: 1435,2219,2238,2239,2296,2297
2265: 2220,2241,2249,2250,2257,2293,2295
2266: 2208,2210,2218,2234,2244,2261,2281,2300
2267: 2208,2209,2228,2244,2245,2248,2262,2273
2268: 2211,2247,2258,2282,2283,2285,2286,2302
2269: 2227,2230,2245,2270,2273,2283,2284,2301
227: 223,224,225,228,232,233,241,243
2270: 2225,2229,2259,2269,2272,2283,2301
2271: 2221,2228,2256,2287,2290,2302
2272: 2229,2259,2263,2270,678,680
2273: 2227,2245,2248,2267,2269,2301
2274: 2212,2224,2252,2276,2303
2275: 2224,2242,2292,2303,2304
2276: 2212,2219,2240,2242,2274,2280,2298,2303
2277: 2214,2233,2253,2279,2305
2278: 2210,2233,2242,2253,2261,2262,2299,2304
2279: 2253,2277,2305
228: 222,223,227,232,238
2280: 2212,2219,2235,2237,2238,2252,2276
2281: 2215,2222,2234,2255,2261,2266
2282: 2229,2268,2283,2286,2288
2283: 2229,2230,2268,2269,2270,2282,2285
2284: 2227,2230,2248,2269
2285: 2230,2232,2268,2283,2287,2302
2286: 2247,2268,2282,2288
2287: 2228,2232,2271,2285,2302
2288: 2229,2247,2250,2263,2282,2286
2289: 2213,2216,2222,2234,2243,2255
229: 232,237,238,245
2290: 2221,2228,2237,2251,2252,2256,2271
2291: 2217,2223,2225,2246,2259,2306
2292: 2224,2242,2262,2275,2299,2304
2293: 2220,2231,2241,2257,2265
2294: 2213,2223,2246,635,655
2295: 2211,2249,2250,2258,2265
2296: 1435,1446,2226,2235,2238,2264
2297: 2219,2264,2298
2298: 2219,2240,2242,2276,2297
2299: 2262,2278,2292,2304
23: 18,20,67,69,73
230: 231,246,314
2300: 2208,2218,2225,2244,2266,2301,2307
2301: 2208,2225,2245,2269,2270,2273,2300
2302: 2211,2221,2268,2271,2285,2287
2303: 2224,2242,2274,2275,2276
2304: 2242,2275,2278,2292,2299
2305: 2277,2279
2306: 2218,2223,2225,2234,2291,2307
2307: 2218,2225,2300,2306
231: 230,246,313,314,318
232: 224,227,228,229,238,245
233: 222,223,225,226,227,260,264,275,282,283,286,309
234: 1388,222,239,240,244,262,263,264,319,320,321,342
235: 237,238,240,244,321,322
236: 239,247,248,318
237: 229,235,238,245,247,248,322
238: 222,228,229,232,235,237,320,321
239: 234,236,244,247,313,318,340,341,342
24: 28,30,36,73,76,84
240: 234,235,244,321,322
241: 224,225,227,242,243,315
242: 225,226,241,315
243: 225,227,241
244: 234,235,239,240,247,322
245: 224,229,232,237,246,248,315
246: 1380,230,231,245,248,314,315,318
247: 236,237,239,244,248,322
248: 236,237,245,246,247,318
249: 250,251,253,257,261,264
25: 33,66,70,72
250: 249,251,257,258,259,323
251: 249,250,259,264
252: 1374,259,264,323,325
253: 249,260,261,264
254: 255,260,261,311,312,316,317
255: 254,256,261,311
256: 221,255,258,261,311
257: 249,250,258,261
258: 219,220,221,250,256,257,261,303,323,325
259: 250,251,252,264,323
26: 36,74,76,87,96,99
260: 233,253,254,261,264,286,307,316,330
261: 249,253,254,255,256,257,258,260
262: 234,264
263: 1382,234,264,319
264: 1374,1382,222,233,234,249,251,252,253,259,260,262,263
265: 301,302,303,324,326,327,740
266: 1380,226,271,273,315
267: 226,274,275,276,278,280,328
268: 269,273,293,294,296
269: 268,270,271,273,293
27: 66,67,68,70
270: 1380,269,271,292,293
271: 1380,266,269,270,272,273
272: 271,273
273: 226,266,268,269,271,272,296
274: 267,275,276,277,283,285,288
275: 226,233,267,274,283
276: 267,274,277,278,279,280,291,293,294,295,297,328
277: 274,276,279,281,286,287,288,289,330
278: 267,276,279,280,328
279: 276,277,278,289,290,291
28: 20,24,73,74,76,78
280: 267,276,278
281: 277,287,288
282: 233,283,284,285,286
283: 233,274,275,282,285
284: 282,285,286,287,288
285: 274,282,283,284,288
286: 233,260,277,282,284,287,330
287: 277,281,284,286,288
288: 274,277,281,284,285,287
289: 277,279,290,330,334
29: 1984,40,64,80,88,900,902
290: 279,289,291,292
291: 276,279,290,292,295
292: 270,290,291,293,295
293: 268,269,270,276,292,294,295,297,328
294: 268,276,293,296,328
295: 276,291,292,293,297
296: 226,268,273,294,328
297: 276,293,295
298: 302,304,306,308
299: 220,221,304,306,307,310,316,317,329
3: 0,12,13,2,4,7
30: 24,39,41,73,80,84
300: 301,302,305,308
301: 265,300,302,303,305
302: 265,298,300,301,306,308,331,332,333,740
303: 220,258,265,301,305,324,325
304: 220,298,299,305,306,308
305: 220,300,301,303,304,308
306: 298,299,302,304,329,331
307: 260,299,316,317,329,330
308: 298,300,302,304,305
309: 225,226,233
31: 33,34,54,81,83,86
310: 221,299,311,317
311: 221,254,255,256,310,312,317
312: 254,311,317
313: 1378,231,239,314,318,339,340
314: 1378,1380,230,231,246,313
315: 1380,224,226,241,242,245,246,266
316: 254,260,299,307,317
317: 254,299,307,310,311,312,316
318: 231,236,239,246,248,313,340
319: 1382,1383,1388,234,263
32: 81,82
320: 222,234,238,321
321: 234,235,238,240,320
322: 235,237,240,244,247
323: 250,252,258,259,325
324: 265,303,325,326
325: 1374,252,258,303,323,324,326
326: 1246,1372,1374,1375,265,324,325,327
327: 1246,265,326,740,741
328: 226,267,276,278,293,294,296
329: 299,306,307,330,331,332,333,334
33: 25,31,38,56,57,58,66,72,82,83,86
330: 260,277,286,289,307,329,334
331: 302,306,329,332
332: 302,329,331,333
333: 302,329,332,334,740
334: 289,329,330,333,739,740
335: 1381,336,337,338,343,344
336: 1381,1383,1388,335,337,342,343
337: 335,336,338,339,340,341,343,344
338: 1381,335,337,339,344
339: 1378,1381,313,337,338,340,344
34: 31,49,51,52,54,55
340: 239,313,318,337,339,341
341: 239,337,340,342,343
342: 1388,234,239,336,341,343
343: 335,336,337,341,342
344: 335,337,338,339
345: 2206,348,388,392,393,417,418
346: 361,387,388,392,393,415
347: 350,359,385,390
348: 345,349,392,394,407,418
349: 348,371,394,400,405,407
35: 1754,216,218,84,85,91
350: 347,357,359,390,395
351: 352,361,395,404,412
352: 351,361,387,412,425,438,473,542
353: 354,356,402,427,436
354: 353,355,356,384,391,436
355: 354,384,391,405,427,435,436
356: 353,354,391,402
357: 350,358,359,360,363,368,372,376,384,391,395,402
358: 357,360,401,402,408,409,420,426
359: 347,350,357,368,369,385,430,431,432,433
36: 24,26,37,76,84,85,87
360: 357,358,368,420
361: 346,351,352,387,392,394,399,403,404,435
362: 1727,383,389,400,405,427
363: 357,372,395,404
364: 365,367,425,438,524,535
365: 364,366,367,438,458,583,584
366: 365,367,458,538
367: 364,365,366,438,523,524,535,538
368: 357,359,360,369,419,420
369: 359,368,419,430
37: 36,38,77,82,87,89,96
370: 406,408,414,422,423,424
371: 2186,349,400,407,713,717
372: 357,363,376,404
373: 374,375,377,382,386,411,412,416
374: 373,375,377,378,381
375: 373,374,381,412,437
376: 357,372,384,404,435
377: 373,374,378,386,475,477,575
378: 374,377,379,381,573,574,575
379: 378,380,381,556,572,573,574
38: 33,37,72,77,82,83,96
380: 379,381,437,556,584
381: 374,375,378,379,380,437
382: 373,411,416
383: 1727,1730,362,389,853,879,880
384: 354,355,357,376,391,435
385: 347,359,386,390,413,432
386: 373,377,385,411,413,416,432,475
387: 346,352,361,415,473
388: 1008,2206,345,346,393,415
389: 362,383,427,428,845,880
39: 1540,30,41,80,88,92
390: 347,350,385,395
391: 354,355,356,357,384,402
392: 345,346,348,361,393,394
393: 345,346,388,392
394: 348,349,361,392,396,399,405
395: 350,351,357,363,390,404
396: 394,397,398,399,405
397: 396,398,405,434,435
398: 396,397,399,403,434
399: 361,394,396,398,403
4: 11,13,159,190,3,7
40: 1562,1981,1984,29,88,902
400: 1726,1727,349,362,371,405,407,713
401: 358,402,409,414,426,428,429
402: 353,356,357,358,391,401,427,428
403: 361,398,399,434,435
404: 351,361,363,372,376,395,435
405: 349,355,362,394,396,397,400,427,435
406: 370,408,409,410,414
407: 2186,2196,348,349,371,400,417,418
408: 358,370,406,409,410,420,424
409: 358,401,406,408,410,414,429
41: 30,39,84,91,92
410: 406,408,409
411: 373,382,386,412,413,416
412: 351,352,373,375,411,413,437,438,584
413: 385,386,411,412
414: 370,401,406,409,422,429,513,514,833,874
415: 1008,1025,346,387,388,473,515
416: 373,382,386,411
417: 2186,2196,2206,345,407,418
418: 345,348,407,417
419: 368,369,420,421,430,433
42: 1560,1736,1754,91,92
420: 358,360,368,408,419,421,423,424
421: 419,420,422,423,431,433,475
422: 370,414,421,423,475,513
423: 370,420,421,422,424
424: 370,408,420,423
425: 352,364,438,535,536,540,541,542
426: 358,401
427: 353,355,362,389,402,405,428,436
428: 389,401,402,427,429,838,845,874
429: 401,409,414,428,833,874
43: 101,102,44,47,50,59,61,62,903,907,93,97
430: 359,369,419,433
431: 359,421,432,433,475
432: 359,385,386,431,475
433: 359,419,421,430,431
434: 397,398,403,435
435: 355,361,376,384,397,403,404,405,434
436: 353,354,355,427
437: 375,380,381,412,584
438: 352,364,365,367,412,425,584
439: 1591,1858,441,443,444,445,448,449
44: 43,54,55,57,58,61,86,97
440: 1728,1731,442,447,450
441: 1591,1731,1733,1737,439,448
442: 1724,440,446,447,450
443: 1731,439,444,445,448,450
444: 439,443,448
445: 1851,1858,2135,439,443,446,450
446: 1724,1752,2135,442,445,450,712,729
447: 1724,1725,1728,440,442
448: 1731,1733,439,441,443,444
449: 1527,1544,1591,1600,1858,1865,439
45: 15,49,51,53,94
450: 1731,440,442,443,445,446
451: 473,515,546,548
452: 463,466,467,468,488,489,492,516,617
453: 454,457,470,472
454: 453,455,456,457,468,470,586,617
455: 454,456,460,464,586,589,608,617
456: 454,455,457,459,460
457: 453,454,456,458,459,471,472
458: 365,366,457,459,461,471,538,555,582,583
459: 456,457,458,460,461
46: 15,49,95
460: 455,456,459,461,464
461: 458,459,460,462,464,555
462: 461,464,465,555
463: 452,466,469,516
464: 455,460,461,462,465,589
465: 462,464,555,566,589,590
466: 452,463,467,469
467: 452,466,468,469,470
468: 452,454,467,470,492,617
469: 463,466,467,470,516,527
47: 43,48,52,61,93
470: 453,454,467,468,469,471,472,527
471: 457,458,470,472,527,538
472: 453,457,470,471
473: 352,387,415,451,515,542,544,548
474: 475,477,478
475: 377,386,421,422,431,432,474,476,477,478,479,513,578,839,840,842,870,875,890,891
476: 475,477,478,479
477: 377,474,475,476,478,479,575,576
478: 474,475,476,477
479: 475,476,477,571,575,576,578
48: 47,51,52,53,90,93
480: 585,623,631,632,739,740
481: 482,495,512
482: 481,494,495,499,500,501,516,630
483: 484,485,517,529,530,554,630
484: 483,485,530
485: 483,484,530,546
486: 487,490,491,498,501,502,505
487: 486,488,489,490,499,500,501
488: 452,487,489,499,516
489: 452,487,488,490,492
49: 15,34,45,46,51,53
490: 486,487,489,491,492
491: 486,490,492,504,505
492: 452,468,489,490,491,493,496,497,503,504,617,618
493: 492,496,497
494: 482,495,498,501,502
495: 481,482,494,498,504,505,511,512
496: 492,493,497,503,508,509,511
497: 492,493,496,508,509,617,618,620
498: 486,494,495,502,504,505
499: 482,487,488,500,516,630
5: 10,1053,11,136,1460,147,156,8
50: 43,59,60,93
500: 482,487,499,501
501: 482,486,487,494,500,502
502: 486,494,498,501,505
503: 492,496,504,511
504: 491,492,495,498,503,505,511
505: 486,491,495,498,502,504
506: 507,605,606,626,629,631
507: 506,508,509,510,511,605,606,631,632
508: 496,497,507,509,593,594,605,620
509: 496,497,507,508,510,511
51: 34,45,48,49,52,53
510: 507,509,511,585,632
511: 495,496,503,504,507,509,510,512,585
512: 481,495,511,585
513: 414,422,475,514,841,857,870
514: 414,513,833,857,873,885
515: 1025,415,451,473
516: 452,463,469,482,488,499,527,549,551,552,553,554,630
517: 483,518,519,529,554
518: 517,519,551,552,553,554
519: 517,518,520,528,529,551
52: 34,47,48,51,55,61
520: 519,521,522,525,526,528,551
521: 520,522,549,550,551
522: 520,521,523,524,525,538,549
523: 367,522,524,538,549
524: 364,367,522,523,525,526,533,534,535
525: 520,522,524,526
526: 520,524,525,528,531,532,533
527: 469,470,471,516,538,549,551
528: 519,520,526,529,530,531
529: 483,517,519,528,530,531
53: 45,48,49,51,90,94,95
530: 483,484,485,528,529,531,545,546
531: 526,528,529,530,532,537,539,545,546
532: 526,531,533,537
533: 524,526,532,534,536,537
534: 524,533,535,536
535: 364,367,425,524,534,536
536: 425,533,534,535,537,540
537: 531,532,533,536,539,540
538: 366,367,458,471,522,523,527,549
539: 531,537,540,544,545
54: 31,34,44,55,86
540: 425,536,537,539,541,543,544,545
541: 425,540,542,543
542: 352,425,473,541,543,544
543: 540,541,542,544
544: 473,539,540,542,543,545,547,548
545: 530,531,539,540,544,546,547
546: 451,485,530,531,545,547,548
547: 544,545,546,548
548: 451,473,544,546,547
549: 516,521,522,523,527,538,550,551
55: 34,44,52,54,61
550: 521,549,551
551: 516,518,519,520,521,527,549,550,552,553
552: 516,518,551,553
553: 516,518,551,552,554
554: 483,516,517,518,553,630
555: 458,461,462,465,566,581,582
556: 379,380,557,558,559,572,573,584
557: 556,558,559,560,563,584
558: 556,557,559,572
559: 556,557,558,560,563,572
56: 100,33,57,66,97
560: 557,559,562,563,583,584
561: 562,582,583
562: 560,561,563,580,582,583
563: 557,559,560,562,564,572,579,580
564: 563,565,567,568,569,571,572,579,580
565: 564,567,577,579
566: 465,555,577,579,580,581,589,590,599,600
567: 564,565,568,577,600,613
568: 564,567,569,613,615
569: 564,568,570,571,613,615
57: 33,44,56,58,97
570: 569,571,615,816,877
571: 479,564,569,570,572,573,574,576,578,816,877
572: 379,556,558,559,563,564,571,573
573: 378,379,556,571,572,574,576
574: 378,379,571,573,575,576
575: 377,378,477,479,574,576
576: 477,479,571,573,574,575,578
577: 565,566,567,579,600,613
578: 475,479,571,576,842,877,895,896
579: 563,564,565,566,577,580
58: 33,44,57,86
580: 562,563,564,566,579,581,582
581: 555,566,580,582
582: 458,555,561,562,580,581,583
583: 365,458,560,561,562,582,584
584: 365,380,412,437,438,556,557,560,583
585: 480,510,511,512,632
586: 454,455,597,608,617
587: 588,591,595,608,622
588: 587,589,591,608
589: 455,464,465,566,588,590,591,608
59: 43,50,60,903,904
590: 465,566,589,591,599
591: 587,588,589,590,595,598,599
592: 593,594,595,596,598,603
593: 508,592,594,595,620
594: 508,592,593,603,604,605,607
595: 587,591,592,593,598,620,621,622
596: 592,598,603
597: 586,608,617,618
598: 591,592,595,596,599,600,601,602,603,609
599: 566,590,591,598,600
6: 12,13,1615
60: 103,50,59,904,93
600: 566,567,577,598,599,601,610,611,613
601: 598,600,602,603,609,610
602: 598,601,603
603: 592,594,596,598,601,602,604,607,609
604: 594,603,605,607
605: 506,507,508,594,604,606,607,612
606: 506,507,605,607,612,616,629,883
607: 594,603,604,605,606,609,610,612
608: 455,586,587,588,589,597,618,619,621,622
609: 598,601,603,607,610
61: 43,44,47,52,55,62,97
610: 600,601,607,609,611,612
611: 600,610,612,613
612: 605,606,607,610,611,613,614,616
613: 567,568,569,577,600,611,612,614,615
614: 612,613,615,616
615: 568,569,570,613,614,616,816,817,822,883
616: 606,612,614,615,883
617: 452,454,455,468,492,497,586,597,618
618: 492,497,597,608,617,619,620
619: 608,618,620,621
62: 43,61
620: 497,508,593,595,618,619,621
621: 595,608,619,620,622
622: 587,595,608,621
623: 480,624,625,626,631,740,744
624: 623,625,628,629,744,847,883
625: 623,624,626,627,628
626: 506,623,625,627,629,631
627: 625,626,628,629
628: 624,625,627,629
629: 506,606,624,626,627,628,883
63: 100,102,16,17,19,65,66,67,98
630: 482,483,499,516,554
631: 480,506,507,623,626,632
632: 480,507,510,585,631
633: 639,647,654,658,659
634: 638,639,641,642,643,649,650,655,656
635: 2213,2294,637,649,655
636: 640,648,652,653,661
637: 635,638,649,655
638: 634,637,649,655,656
639: 633,634,643,645,654,655,658,660
64: 17,29,65,80,900,906
640: 2013,2020,2055,636,652,653
641: 634,642,643,644,650
642: 634,641,643,644,648,650,652,656,657
643: 634,639,641,642,644,645
644: 641,642,643,645,646,652,654,657
645: 639,643,644,646,654
646: 644,645,654
647: 2020,2067,633,652,654,659
648: 636,642,649,652,656,657,661
649: 634,635,637,638,648,656
65: 16,17,19,63,64,69,73,80
650: 634,641,642
651: 2166,2168,2217,2246,658,659,660
652: 2020,636,640,642,644,647,648,654,657
653: 2013,636,640
654: 633,639,644,645,646,647,652
655: 2246,2294,634,635,637,638,639,660
656: 634,638,642,648,649
657: 642,644,648,652
658: 633,639,651,659,660
659: 2015,2020,2066,2067,2166,633,647,651,658
66: 100,16,25,27,33,56,63,67,70
660: 2246,639,651,655,658
661: 636,648
662: 663,666,667,668,675,678
663: 662,675,678,682
664: 1430,673,674,679,681
665: 668,670,675,676,909,913,922
666: 662,667,668,669,672,678
667: 662,666,668,675
668: 662,665,666,667,669,670,675
669: 666,668,670,672,680
67: 16,18,20,23,27,63,66,68,75
670: 665,668,669,676,679,680
671: 2220,2263,677,680
672: 666,669,678,680
673: 1430,1432,1450,1457,664,677,679
674: 1427,1430,664,681,920
675: 2163,2172,662,663,665,667,668,682,913
676: 665,670,679,681,909,914
677: 1457,2220,671,673,679,680
678: 2259,2272,662,663,666,672,680,682
679: 664,670,673,676,677,680,681
68: 27,67,70,71,75,78
680: 2263,2272,669,670,671,672,677,678,679
681: 664,674,676,679,914,920
682: 2168,2169,2172,2217,2259,663,675,678
683: 1392,1393,684,685,696,697
684: 683,685,693,697,698,703,705,706
685: 683,684,688,696,699,705
686: 1651,689,690,692,693,695,707
687: 1646,1650,691,695,703,704,795
688: 685,696,699,702
689: 1651,686,690,691
69: 18,19,23,65,73
690: 686,689,691,692
691: 1646,1651,687,689,690,692,695
692: 686,690,691,695
693: 684,686,695,705,706,707
694: 1454,701,702
695: 686,687,691,692,693,703,706
696: 1393,1433,683,685,688,701,702
697: 1392,683,684,698,768,792
698: 684,697,700,703,768,792
699: 685,688,705
7: 0,11,1202,14,3,4,9
70: 22,25,27,66,68,72,74,78,79
700: 698,703,704,765,792
701: 1433,1454,694,696,702
702: 688,694,696,701
703: 684,687,695,698,700,704,706
704: 687,700,703,765,795
705: 684,685,693,699,707
706: 684,693,695,703
707: 686,693,705
708: 2125,2140,714,716,718,722,727
709: 2180,2188,2201,715,723,977
71: 68,75,78
710: 2180,723,724,727
711: 2186,717,718,719,732
712: 2135,446,725,726,729,730
713: 1726,371,400,717,720,728
714: 708,718,722,724,727,732
715: 709,723,731,977
716: 2125,2136,2137,708,722,726
717: 2186,371,711,713,719,720
718: 708,711,714,719,722,732
719: 711,717,718,720,721,722
72: 22,25,33,38,70,77
720: 713,717,719,721,728,730
721: 719,720,722,726,730
722: 708,714,716,718,719,721,726
723: 2140,2180,709,710,715,727,731
724: 2180,2198,710,714,727,732
725: 712,729,730
726: 2135,2137,712,716,721,722,730
727: 2125,2140,708,710,714,723,724
728: 1726,1752,1764,713,720,729,730
729: 1752,446,712,725,728,730
73: 20,23,24,28,30,65,69,80
730: 712,720,721,725,726,728,729
731: 2140,2148,715,723,977
732: 2186,2198,711,714,718,724
733: 109,1232,1243,194,199,734,750,763
734: 733,743,750,753,755,763
735: 1718,193,199,738,753,763,878
736: 738,742,747,754,859,878
737: 744,745,746,752,847,855
738: 735,736,742,753,756,764,859,878
739: 334,480,740
74: 21,26,28,70,76,78,79,99
740: 265,302,327,333,334,480,623,739,741,744,751
741: 1246,327,740,748,749,751,757
742: 736,738,747,761,764
743: 734,748,753,755,756
744: 623,624,737,740,746,751,752,847
745: 737,752,754,855,856,879,882
746: 737,744,751,752,759,762
747: 736,742,752,754,758,761
748: 741,743,749,755,756,757,760
749: 1233,1234,1246,741,748,750,755
75: 20,67,68,71,78
750: 1232,1233,1234,733,734,749,755
751: 740,741,744,746,757,759
752: 737,744,745,746,747,754,758,762
753: 734,735,738,743,756,763
754: 736,745,747,752,859,882
755: 734,743,748,749,750
756: 738,743,748,753,760,764
757: 741,748,751,758,759,760
758: 747,752,757,759,760,761,762
759: 746,751,757,758,762
76: 24,26,28,36,74
760: 748,756,757,758,761,764
761: 742,747,758,760,764
762: 746,752,758,759
763: 199,733,734,735,753
764: 738,742,756,760,761
765: 700,704,766,776,781,783,792,795
766: 765,776,778,781,796
767: 769,778,779,780,790,793,796
768: 1392,1491,1511,697,698,782,786,792
769: 1491,767,779,786,790
77: 21,22,37,38,72,79,96,99
770: 771,772,773,774,775
771: 770,774,775,784,785,796
772: 770,773,774,775,776,791
773: 770,772,774,791,794
774: 770,771,772,773,784,794
775: 770,771,772,776,796
776: 765,766,772,775,791,795,796
777: 778,779,781,782,783,786
778: 766,767,777,779,780,781,796
779: 767,769,777,778,780,786
78: 20,28,68,70,71,74,75
780: 767,778,779
781: 765,766,777,778,782,783
782: 768,777,781,783,786,792
783: 765,777,781,782,792
784: 771,774,785,787,793,794,796,940,992
785: 771,784,796
786: 1491,768,769,777,779,782,792
787: 784,789,793,933,940,941,989
788: 1498,1502,1504,789,933
789: 1498,787,788,793,933,989
79: 21,22,70,74,77
790: 1491,1498,767,769,793
791: 1640,1647,772,773,776,794,795,931
792: 697,698,700,765,768,782,783,786
793: 1498,767,784,787,789,790,796
794: 773,774,784,791,931,932,992
795: 1647,1650,687,704,765,776,791
796: 766,767,771,775,776,778,784,785,793
797: 800,801,803,804,809,813
798: 1641,806,808,812
799: 802,809,814,815
8: 10,11,1223,1228,5,9
80: 29,30,39,64,65,73,88
800: 1635,797,801,805,807,809
801: 1628,1630,1635,1636,797,800,803
802: 799,809,812,813,815
803: 1630,797,801,804
804: 1320,1630,797,803,813
805: 1634,1635,800,807,810,811,815
806: 798,808,810,812,815
807: 800,805,809,814,815
808: 1641,798,806,810
809: 797,799,800,802,807,813,814
81: 31,32,82,83
810: 1638,1640,1641,805,806,808,811,815
811: 1627,1634,1640,805,810,931,973
812: 798,802,806,815
813: 797,802,804,809
814: 799,807,809,815
815: 799,802,805,806,807,810,812,814
816: 570,571,615,817,877
817: 615,816,822,877
818: 819,821,827,858,863,864,865,872
819: 818,820,821,827,828,863
82: 32,33,37,38,81,83
820: 819,821,828,867,883,889,892
821: 818,819,820,823,858,883
822: 615,817,866,869,877,883
823: 821,824,825,826,847,850,856,858,883
824: 823,850,851,858,894
825: 823,826,847
826: 823,825,847,883
827: 818,819,828,831,863,892
828: 819,820,827,892
829: 830,831,841,857,863,888
83: 31,33,38,81,82,86
830: 829,857,863,885,888
831: 827,829,840,841,863,892
832: 833,834,835,836,838,846,848,868
833: 414,429,514,832,838,848,873,874
834: 832,835,852,868,893,894
835: 832,834,848,854,893
836: 832,837,838,846
837: 836,838,845,846
838: 428,832,833,836,837,845,874
839: 475,840,889,891,892
84: 24,30,35,36,41,85,91
840: 475,831,839,841,870,892
841: 513,829,831,840,857,870,892
842: 475,578,843,844,869,875,895
843: 842,844,866,867,869
844: 842,843,867,875,876
845: 389,428,837,838,846,856,868,880
846: 832,836,837,845,868
847: 624,737,744,823,825,826,855,856,883
848: 832,833,835,849,854,873
849: 848,854,873,884
85: 35,36,84
850: 823,824,851,852,856
851: 824,850,852,858,894
852: 834,850,851,856,868,894
853: 1729,1730,383,860,879,881,882
854: 835,848,849,858,884,893
855: 737,745,847,856
856: 745,823,845,847,850,852,855,868,879,880
857: 513,514,829,830,841,885
858: 818,821,823,824,851,854,864,871,872,884,893,894
859: 736,738,754,878,882,886
86: 31,33,44,54,58,83
860: 853,862,881,882,886
861: 1716,862,878,881,887
862: 860,861,878,881,882,886,887
863: 818,819,827,829,830,831,865,888
864: 818,858,865,872,888
865: 818,863,864,888
866: 822,843,867,869,883
867: 820,843,844,866,875,883,889
868: 832,834,845,846,852,856,894
869: 822,842,843,866,877,895
87: 26,36,37,89,96
870: 475,513,840,841
871: 858,872,884
872: 818,858,864,871,884,888
873: 514,833,848,849,884,885
874: 414,428,429,833,838
875: 475,842,844,867,876,889,890
876: 844,875
877: 570,571,578,816,817,822,869,895,896
878: 1716,1717,1718,735,736,738,859,861,862,886,887
879: 383,745,853,856,880,882
88: 1540,1562,29,39,40,80
880: 383,389,845,856,879
881: 1716,1729,1730,853,860,861,862
882: 745,754,853,859,860,862,879,886
883: 606,615,616,624,629,820,821,822,823,826,847,866,867
884: 849,854,858,871,872,873,885,888,893
885: 514,830,857,873,884,888
886: 859,860,862,878,882,887
887: 861,862,878,886
888: 829,830,863,864,865,872,884,885
889: 820,839,867,875,890,891,892
89: 37,87
890: 475,875,889,891
891: 475,839,889,890,892
892: 820,827,828,831,839,840,841,889,891
893: 834,835,854,858,884,894
894: 824,834,851,852,858,868,893
895: 578,842,869,877,896
896: 578,877,895
897: 1222,1609,1617,898,905,908
898: 897,899,903,905,906,908
899: 898,900,901,905,906
9: 11,1202,1223,7,8
90: 48,53,93,94,95
900: 29,64,899,901,902,906
901: 1977,1988,899,900,902,905
902: 1984,1988,29,40,900,901
903: 43,59,898,904,906,907,908
904: 103,1610,59,60,903,908,95
905: 1222,1609,1977,897,898,899,901
906: 17,64,898,899,900,903,907
907: 101,17,43,903,906
908: 1610,1613,1616,1617,897,898,903,904
909: 665,676,914,922,930
91: 1736,1754,216,35,41,42,84,92
910: 1655,913,919,921,922
911: 1417,1834,1872,923
912: 1409,1415,1417,1418,1427,920,923
913: 1655,1662,2163,665,675,910,922
914: 676,681,909,920,926,930
915: 1833,1886,916,917,918,924,927
916: 915,917,918,919,921,924,927,928
917: 915,916,918
918: 1655,1672,1673,1846,1886,1927,915,916,917,921
919: 910,916,921,922,926,928,929,930
92: 1540,1560,1571,39,41,42,91
920: 1427,674,681,912,914,923,926,929
921: 1655,910,916,918,919
922: 665,909,910,913,919,930
923: 1415,1417,1833,1834,911,912,920,924,929
924: 1833,1834,915,916,923,925,927,929
925: 924,927,928,929
926: 914,919,920,929,930
927: 915,916,924,925,928,929
928: 916,919,925,927,929
929: 919,920,923,924,925,926,927,928
93: 103,43,47,48,50,60,90,95
930: 909,914,919,922,926
931: 1640,791,794,811,932,973,981
932: 794,931,947,953,981,987,992,993
933: 1502,1507,2148,787,788,789,976,989,990
934: 943,945,961,962,972,975,978
935: 951,961,962,985,986
936: 937,943,945,960,964,984
937: 936,943,944,974,976,982,984
938: 939,942,949,957,992
939: 938,942,949,983
94: 15,45,53,90,95
940: 784,787,941,942,989,992
941: 787,940,942,989,990
942: 938,939,940,941,957,983,990,992
943: 934,936,937,944,945,962,986,988
944: 937,943,976,982,983,988,990
945: 934,936,943,960,978
946: 947,952,959,961,987
947: 932,946,948,952,953,954,959,987
948: 947,953,954,955,956,958
949: 938,939,950,957,958,983,985
95: 103,15,46,53,90,904,93,94
950: 949,951,957,958,985
951: 935,950,952,954,958,961,985
952: 946,947,951,954,958,961
953: 932,947,948,954,955,993
954: 947,948,951,952,953,958
955: 948,953,956,957,992,993
956: 948,955,957,958,992,993
957: 938,942,949,950,955,956,958,992,993
958: 948,949,950,951,952,954,956,957,985
959: 946,947,987
96: 26,37,38,77,87,99
960: 936,945,963,964,978
961: 934,935,946,951,952,962,972,973,981,987
962: 934,935,943,961,986
963: 960,964,966,971,978,979,980
964: 936,960,963,968,971,984
965: 1620,2189,2199,966,980,991
966: 1620,963,965,979,980
967: 2182,2205,968,969,970
968: 2205,964,967,969,971,984
969: 2201,967,968,970,974,984
97: 100,102,43,44,56,57,61
970: 2182,2201,967,969
971: 2205,963,964,968,980,991
972: 1627,934,961,973,975
973: 1627,811,931,961,972,981
974: 2201,937,969,977,982,984
975: 1627,934,972,978,979
976: 2148,933,937,944,977,982,990
977: 2148,2201,709,715,731,974,976,982
978: 934,945,960,963,975,979
979: 1620,1627,963,966,975,978
98: 101,102,17,63
980: 963,965,966,971,991
981: 931,932,961,973,987
982: 937,944,974,976,977
983: 939,942,944,949,985,986,988,990
984: 936,937,964,968,969,974
985: 935,949,950,951,958,983,986
986: 935,943,962,983,985,988
987: 932,946,947,959,961,981
988: 943,944,983,986
989: 787,789,933,940,941,990
99: 21,26,74,77,96
990: 933,941,942,944,976,983,989
991: 2189,2191,2205,965,971,980
992: 784,794,932,938,940,942,955,956,957,993
993: 932,953,955,956,957,992
994: 2185,995
995: 1008,1023,2185,2187,994,996
996: 1008,1023,1024,1026,995,998
997: 1007,1021,998
998: 1000,1007,1021,1023,1026,996,997
999: 1000,1002,1011,1013,1019,1021,1022,1338,1341
